,0,1,2,3,4,5,6,7,8,9,10,11,12,13,14,15
0,2.5542948246002197,2.000110626220703,4.606601238250732,5.431097984313965,2.16249418258667,0.48795077204704285,10.298142433166504,1.2403854131698608,-1.9533365964889526,5.341048717498779,6.6525421142578125,-0.7270926833152771,4.404380798339844,3.0904510021209717,-4.978181838989258,-2.5753273963928223
1,2.570305585861206,4.372435569763184,-2.153958797454834,6.588033676147461,6.277303695678711,-1.9832545518875122,4.13760232925415,-0.304114431142807,4.051668643951416,1.7066606283187866,-0.5108782649040222,-0.7310693860054016,2.547347068786621,2.637542486190796,-1.9985694885253906,0.9716323614120483
2,9.157693862915039,8.617722511291504,7.026291370391846,6.788365840911865,8.261569023132324,6.24514627456665,4.8628082275390625,1.979731559753418,-8.326733589172363,8.101151466369629,7.404683589935303,6.166167736053467,-5.839197635650635,9.760615348815918,7.350116729736328,14.115946769714355
3,4.994922637939453,4.686216831207275,6.379094123840332,7.124866962432861,6.752833843231201,9.745260238647461,3.5399298667907715,2.830982208251953,-8.08244800567627,2.817800760269165,0.8597654700279236,7.656766414642334,-5.717499256134033,7.05281400680542,7.466351509094238,11.583569526672363
4,-6.830331325531006,2.163196563720703,2.886509895324707,8.13659381866455,6.00581693649292,2.581418037414551,0.4349321126937866,1.9742952585220337,-6.474146366119385,-1.2481544017791748,-3.8740503787994385,6.157588958740234,-1.0227347612380981,4.745567798614502,9.316834449768066,7.714232921600342
5,-11.278897285461426,-4.726390361785889,-4.125842094421387,-4.854234218597412,-3.5170376300811768,-7.398703098297119,-3.827359437942505,-2.3385353088378906,-1.0873523950576782,-1.583214521408081,-5.381244659423828,5.140003681182861,2.4554996490478516,2.1993911266326904,10.132168769836426,9.685837745666504
6,-13.980290412902832,-14.412757873535156,-9.5721435546875,-10.182578086853027,-12.914213180541992,-14.179313659667969,-7.781064033508301,-10.329206466674805,6.475108623504639,-11.197336196899414,-17.617029190063477,0.02105771377682686,6.03615140914917,-11.355874061584473,-3.2329251766204834,-5.500202655792236
7,-2.7087957859039307,-7.504899024963379,-11.710165977478027,-8.131559371948242,-11.047333717346191,-8.82595443725586,-9.08139419555664,-11.08376407623291,18.807605743408203,-16.249120712280273,-20.210065841674805,-4.833119869232178,1.6711993217468262,-12.687517166137695,-11.60733699798584,-15.127028465270996
8,17.205005645751953,10.223082542419434,1.5216079950332642,2.3276174068450928,7.198577404022217,11.294270515441895,3.382378101348877,4.509851455688477,1.3562560081481934,3.4154090881347656,2.414381980895996,-0.5099936723709106,-6.004526615142822,12.027525901794434,3.891956329345703,1.861608862876892
9,7.550915718078613,3.7534096240997314,-5.394550323486328,1.70160973072052,2.6103363037109375,4.073049545288086,2.4760308265686035,3.38216495513916,4.149971961975098,7.631246566772461,4.846134662628174,2.540684461593628,-1.329172134399414,15.402472496032715,10.3212890625,-0.3339751362800598
10,4.343319892883301,12.003129005432129,7.714763164520264,10.974739074707031,6.503961086273193,13.269822120666504,3.9622340202331543,3.528188705444336,-2.8517613410949707,5.036868095397949,6.093739032745361,2.3892934322357178,-6.871683120727539,2.688711404800415,2.5302553176879883,2.272474527359009
11,12.203483581542969,7.068814277648926,14.334695816040039,6.755709648132324,4.745687484741211,10.115583419799805,8.008777618408203,4.1148152351379395,-9.239730834960938,9.010075569152832,14.410274505615234,3.9981062412261963,-10.092463493347168,4.504039764404297,4.166455268859863,2.6772029399871826
12,3.5523619651794434,-2.1788063049316406,5.49765682220459,5.012840747833252,-0.38994184136390686,-1.694401741027832,6.939111709594727,0.7699210047721863,3.8133013248443604,0.15739388763904572,5.260949611663818,-5.396050453186035,-8.722516059875488,0.43516039848327637,2.167837619781494,-1.0707542896270752
13,0.8618868589401245,2.0514724254608154,-5.623241424560547,2.81105637550354,7.887760639190674,-0.7894002199172974,1.3368644714355469,-0.13359001278877258,4.510428428649902,-3.4797372817993164,-0.6731327176094055,-10.76838493347168,-7.533702850341797,3.556363821029663,5.463781356811523,2.523376226425171
14,0.10582235455513,-2.029438018798828,-6.762284278869629,-2.540954351425171,7.498902320861816,-0.5177716016769409,-1.614519476890564,2.2290263175964355,2.1524500846862793,5.564133167266846,5.605262279510498,-0.5052170753479004,-7.19549560546875,10.08111572265625,10.10064697265625,5.7394232749938965
15,3.5523619651794434,-2.1788063049316406,5.49765682220459,5.012840747833252,-0.38994184136390686,-1.694401741027832,6.939111709594727,0.7699210047721863,3.8133013248443604,0.15739388763904572,5.260949611663818,-5.396050453186035,-8.722516059875488,0.43516039848327637,2.167837619781494,-1.0707542896270752
16,0.8618868589401245,2.0514724254608154,-5.623241424560547,2.81105637550354,7.887760639190674,-0.7894002199172974,1.3368644714355469,-0.13359001278877258,4.510428428649902,-3.4797372817993164,-0.6731327176094055,-10.76838493347168,-7.533702850341797,3.556363821029663,5.463781356811523,2.523376226425171
17,0.10582235455513,-2.029438018798828,-6.762284278869629,-2.540954351425171,7.498902320861816,-0.5177716016769409,-1.614519476890564,2.2290263175964355,2.1524500846862793,5.564133167266846,5.605262279510498,-0.5052170753479004,-7.19549560546875,10.08111572265625,10.10064697265625,5.7394232749938965
18,-4.721091270446777,-8.400105476379395,-1.53412663936615,-4.449146270751953,-3.327653408050537,-4.017637252807617,-6.721878528594971,3.2858352661132812,-2.1569466590881348,8.345165252685547,7.541187286376953,7.160938262939453,3.1735212802886963,2.569235324859619,0.43061563372612,-3.0260074138641357
19,-0.029248779639601707,0.2562665641307831,3.2830748558044434,-6.788625240325928,-10.672075271606445,-0.4792082905769348,-5.15072774887085,1.5688247680664062,9.173409461975098,6.3216166496276855,4.928444862365723,5.640042304992676,5.246015548706055,-7.800706386566162,-9.663229942321777,-3.1225035190582275
20,-2.675596237182617,-0.9717884659767151,2.6729063987731934,-3.0308825969696045,-10.839323997497559,-5.294125080108643,-14.736013412475586,-6.738214492797852,8.8124361038208,-6.600753307342529,-15.400861740112305,-17.763195037841797,-2.2457783222198486,-14.016388893127441,-15.26294231414795,-8.30088996887207
21,2.2000303268432617,-0.9563427567481995,-0.960752010345459,0.27531757950782776,-2.8754820823669434,-1.6767793893814087,-3.2272725105285645,-4.864962100982666,-0.30715182423591614,-0.9860531687736511,-8.729392051696777,-13.082635879516602,-2.180999517440796,-9.894817352294922,-5.211532115936279,-1.6579245328903198
22,-9.885141372680664,-4.876870155334473,-3.40757155418396,-3.6119096279144287,-1.2357141971588135,-6.085135459899902,0.6305360198020935,-4.0573015213012695,2.1563336849212646,-5.593322277069092,-7.258664131164551,-5.255200386047363,-0.295651912689209,-10.19123649597168,-1.5370327234268188,-5.394076824188232
23,-7.860090255737305,-2.623628854751587,-1.6819708347320557,2.3131608963012695,13.602965354919434,-1.2014559507369995,-0.6950644254684448,-0.27855992317199707,-2.4774818420410156,-3.885272979736328,-3.84658145904541,3.859814405441284,-3.085679054260254,4.007680416107178,10.911938667297363,1.2798665761947632
24,9.778401374816895,5.183445930480957,2.163266897201538,5.993833541870117,15.165063858032227,5.167749881744385,2.236826181411743,5.853447437286377,-6.292233943939209,2.1295487880706787,3.5035831928253174,6.35902214050293,-3.4800732135772705,11.935267448425293,17.261329650878906,8.899944305419922
25,8.330693244934082,5.705328464508057,2.5487964153289795,0.693142831325531,3.274273633956909,2.9145305156707764,6.290565013885498,5.693860054016113,-5.078097820281982,7.964010238647461,15.373967170715332,10.429972648620605,-1.1594603061676025,10.07724380493164,11.163679122924805,10.148797988891602
26,4.561488151550293,3.0084328651428223,4.777881622314453,-4.795105457305908,-1.1528047323226929,-4.005003452301025,5.574286460876465,0.17229579389095306,-4.038614749908447,5.1089768409729,14.416666984558105,14.244516372680664,3.926844358444214,3.587601661682129,0.4214740991592407,2.101907730102539
27,9.298983573913574,4.500120639801025,6.790977478027344,-1.8490246534347534,0.8121280670166016,0.9743509888648987,1.7308623790740967,-0.9931312799453735,-6.647185325622559,4.366844654083252,8.220458030700684,7.44108772277832,2.392954111099243,-2.1857078075408936,-2.3058760166168213,4.494316101074219
28,-2.233121633529663,-2.9946584701538086,11.816513061523438,-3.9935061931610107,-3.9221646785736084,7.227694511413574,4.670492172241211,1.204262137413025,-17.340866088867188,7.531231880187988,7.81751012802124,4.030831336975098,-4.621887683868408,4.7491631507873535,4.667594909667969,9.724135398864746
29,-21.50596046447754,-17.85152244567871,-5.035738468170166,-16.158763885498047,-19.388216018676758,-8.651657104492188,-2.2938263416290283,-3.852461099624634,1.3577286005020142,-13.752421379089355,-10.984624862670898,-5.197365760803223,2.922139883041382,-4.2240495681762695,-10.273561477661133,-13.330453872680664
30,-12.518234252929688,-5.961854457855225,-12.096416473388672,-7.221214771270752,-12.969681739807129,-10.019634246826172,-9.823080062866211,-7.510745048522949,19.801321029663086,-24.336214065551758,-21.540124893188477,-17.821102142333984,13.719009399414062,-15.139501571655273,-22.497798919677734,-21.403860092163086
31,16.598482131958008,9.896563529968262,-4.578241348266602,14.745683670043945,11.774616241455078,6.20060396194458,3.557008743286133,-0.787360429763794,8.107733726501465,-2.162428140640259,-2.091042995452881,-11.077268600463867,9.432449340820312,3.1968369483947754,-7.599120616912842,1.3046013116836548
32,21.707609176635742,12.827921867370605,4.893795490264893,17.129154205322266,15.334831237792969,8.113505363464355,17.576570510864258,10.693909645080566,-12.163232803344727,13.736961364746094,14.064064979553223,5.172111511230469,7.134787559509277,14.432047843933105,4.82966947555542,10.94524097442627
33,7.221367359161377,19.074033737182617,9.113255500793457,16.278602600097656,14.279397964477539,11.151936531066895,16.868154525756836,14.778120040893555,-5.349370956420898,17.086746215820312,16.516727447509766,14.699943542480469,10.682398796081543,11.278794288635254,11.728458404541016,10.604535102844238
34,0.03069700300693512,4.398797035217285,7.255931377410889,9.967247009277344,8.96039867401123,9.515125274658203,11.294032096862793,9.757072448730469,-10.407752990722656,11.480486869812012,11.247797966003418,17.879898071289062,11.28122615814209,11.7880859375,15.639552116394043,10.357539176940918
35,3.4509265422821045,0.7637730240821838,1.7782862186431885,3.858185291290283,2.0679397583007812,8.642745971679688,3.498847007751465,4.808271884918213,2.2767064571380615,-3.500499725341797,-1.847259759902954,7.5462541580200195,10.116728782653809,2.378234624862671,7.009634017944336,2.183931827545166
36,-10.022631645202637,2.381134510040283,1.4913941621780396,-0.05844888091087341,1.477251648902893,4.311411380767822,-2.143242597579956,-0.6160604953765869,-2.901401996612549,-3.443586826324463,-5.351673126220703,-3.257260322570801,6.129327774047852,0.6641196012496948,3.352252721786499,0.4137280583381653
37,-15.775836944580078,-11.802703857421875,-12.723029136657715,-17.829187393188477,-6.889727592468262,-12.041045188903809,-13.160611152648926,-9.784850120544434,-4.123781681060791,-0.8763996958732605,-9.440410614013672,-4.361717700958252,0.5844588875770569,-1.1200346946716309,-5.5755534172058105,-6.792757511138916
38,1.6612310409545898,-11.966774940490723,-22.162330627441406,-19.810869216918945,-7.035856246948242,-12.983084678649902,-19.53731918334961,-11.49708366394043,-9.078874588012695,-0.42720291018486023,-11.931717872619629,-3.229616403579712,-0.1882360577583313,-5.510326862335205,-13.512154579162598,-11.472535133361816
39,-5.330088138580322,-12.220742225646973,-20.557662963867188,-17.110132217407227,-9.702132225036621,-13.686165809631348,-16.30950927734375,-9.40800666809082,-3.7059967517852783,1.2446417808532715,-8.082707405090332,-2.525164842605591,-5.1853766441345215,-2.4647183418273926,-7.973142147064209,-3.3749873638153076
40,-5.330088138580322,-12.220742225646973,-20.557662963867188,-17.110132217407227,-9.702132225036621,-13.686165809631348,-16.30950927734375,-9.40800666809082,-3.7059967517852783,1.2446417808532715,-8.082707405090332,-2.525164842605591,-5.1853766441345215,-2.4647183418273926,-7.973142147064209,-3.3749873638153076
41,-12.407069206237793,-17.513164520263672,-9.758418083190918,-8.654157638549805,-7.947290420532227,-16.114744186401367,-9.592738151550293,-9.813263893127441,-5.19060754776001,-6.495977401733398,-12.065452575683594,-8.238640785217285,-8.560531616210938,-6.6758575439453125,-9.906314849853516,-5.579561710357666
42,-4.105239391326904,-3.7908692359924316,6.293914318084717,13.920839309692383,1.0503473281860352,-2.6745166778564453,4.004729747772217,-5.903489589691162,9.649324417114258,-14.98397159576416,-13.13158893585205,-11.899991035461426,-1.28043794631958,-11.255393028259277,-11.598649024963379,-11.892104148864746
43,10.766201972961426,15.467844009399414,20.29125213623047,28.83869171142578,12.511476516723633,14.978866577148438,21.463483810424805,6.027831554412842,10.696525573730469,-10.126452445983887,-0.15563024580478668,-7.498788833618164,8.500387191772461,0.25643390417099,-0.46408072113990784,0.6263177394866943
44,15.9678955078125,21.219411849975586,23.470251083374023,24.398710250854492,25.862295150756836,23.09176254272461,28.088151931762695,16.316516876220703,1.033663272857666,7.835318565368652,17.577119827270508,7.903177261352539,4.40443754196167,17.914058685302734,17.471647262573242,22.126556396484375
45,11.511428833007812,10.401007652282715,12.59695053100586,1.4826481342315674,1.0005699396133423,11.249272346496582,6.964617729187012,13.594465255737305,3.1116647720336914,20.81345558166504,20.369661331176758,28.27157211303711,9.805977821350098,15.331231117248535,22.656421661376953,18.612274169921875
46,14.150240898132324,-4.571026802062988,-0.9726495146751404,-11.904621124267578,-11.713705062866211,-1.8839870691299438,-7.273702621459961,1.9481703042984009,0.13000856339931488,25.208724975585938,19.75096893310547,20.58187484741211,11.195822715759277,-3.9381041526794434,2.5455920696258545,-1.310071349143982
47,-10.163294792175293,-20.62527084350586,-16.950092315673828,-28.462308883666992,-31.791858673095703,-18.112218856811523,-27.139686584472656,-13.196500778198242,1.4320473670959473,4.513125896453857,-3.8199000358581543,0.49788111448287964,8.89691162109375,-29.45352554321289,-22.965599060058594,-31.928897857666016
48,-19.405046463012695,-11.482854843139648,-13.079109191894531,-13.190719604492188,-26.808181762695312,-10.043214797973633,-20.095319747924805,-9.629801750183105,4.305131435394287,-18.260072708129883,-17.551992416381836,-15.218839645385742,3.0904746055603027,-31.636377334594727,-32.12386703491211,-40.553504943847656
49,-8.543670654296875,2.940901279449463,2.606976270675659,8.569058418273926,-4.260300159454346,1.1352978944778442,-5.464771747589111,-0.5698760151863098,4.762917995452881,-15.542984008789062,-11.323081970214844,-11.47972297668457,-3.5765721797943115,-14.657426834106445,-20.952238082885742,-15.834796905517578
50,-9.16983699798584,-5.88803768157959,-1.7172682285308838,4.015617370605469,2.304081678390503,-9.170422554016113,-2.9973442554473877,-1.7885079383850098,-2.669881820678711,-8.629419326782227,-8.812642097473145,-5.3854660987854,-10.008158683776855,2.461962938308716,0.40895646810531616,7.013720512390137
51,-13.517258644104004,-10.548482894897461,-2.1138787269592285,-0.11049047112464905,6.801367282867432,-11.951852798461914,-1.391149640083313,-2.1844730377197266,-5.282959938049316,-13.873577117919922,-10.408881187438965,-10.66942310333252,-11.971683502197266,4.428978443145752,6.573583126068115,9.976000785827637
52,-18.952777862548828,-16.420419692993164,-2.0466713905334473,-6.625398635864258,6.457216262817383,-14.839879989624023,-2.8613762855529785,-4.0690178871154785,7.0374274253845215,-19.05954933166504,-15.256915092468262,-15.159330368041992,-4.5323872566223145,-1.3157309293746948,0.7317512631416321,6.895745754241943
53,3.7393057346343994,-2.2210655212402344,-4.140453815460205,-0.4815029501914978,11.304810523986816,-6.510827541351318,3.163982629776001,-2.4824278354644775,12.236241340637207,-13.32590389251709,-10.222661972045898,-11.361183166503906,0.7386736273765564,2.218280553817749,2.4720168113708496,8.850905418395996
54,21.62472152709961,20.330366134643555,3.9273135662078857,15.474984169006348,18.966753005981445,12.064723014831543,10.063353538513184,3.4244906902313232,6.903850555419922,2.7262356281280518,6.6725053787231445,-3.141066312789917,-5.600259304046631,12.961747169494629,11.223536491394043,17.868566513061523
55,17.54322624206543,21.04796600341797,18.740924835205078,17.068546295166016,12.07902717590332,17.088146209716797,14.904553413391113,9.661808967590332,-12.827325820922852,19.61690902709961,17.953922271728516,5.675685405731201,-9.71236515045166,19.200960159301758,18.50792694091797,20.140974044799805
56,11.69761848449707,11.511159896850586,6.389162540435791,5.080634593963623,-4.456535339355469,12.479957580566406,7.330316066741943,6.734851837158203,-3.0344643592834473,12.011968612670898,10.543978691101074,3.133915901184082,-1.136318325996399,5.896386623382568,7.410172939300537,-0.11638408154249191
57,-3.7922515869140625,-4.985429763793945,-9.939251899719238,-9.267800331115723,-14.506627082824707,-2.9652233123779297,-6.125999927520752,-5.097204685211182,3.407028913497925,1.081142783164978,0.7331859469413757,-2.6665310859680176,1.6639256477355957,-7.613969326019287,-1.8696166276931763,-14.332743644714355
58,-16.22310447692871,-15.082886695861816,-23.041122436523438,-16.61193084716797,-12.980720520019531,-12.897505760192871,-11.713922500610352,-13.696733474731445,4.703399181365967,0.1918354332447052,-6.975259304046631,-2.180912494659424,-4.517263889312744,-6.8846659660339355,-4.543352127075195,-11.593718528747559
59,-18.287691116333008,-18.28864097595215,-22.01486587524414,-14.585845947265625,-10.648612976074219,-10.903806686401367,-13.841830253601074,-17.07723045349121,-7.189051628112793,-3.0793023109436035,-9.50161075592041,-7.087040424346924,-6.857295036315918,-7.152531623840332,-14.3238525390625,-9.689407348632812
60,-0.6127427816390991,-6.117641448974609,-13.286928176879883,-1.0427531003952026,-4.690742015838623,-0.6496352553367615,-5.832456588745117,-12.16346549987793,-7.0026984214782715,-0.06617466360330582,-3.899460792541504,-11.51449203491211,-11.824790000915527,-10.899571418762207,-21.504148483276367,-7.63372802734375
61,15.939240455627441,4.3777995109558105,-0.8071023225784302,2.896171808242798,-0.15542861819267273,4.002685546875,3.939157247543335,-5.011721134185791,-17.435102462768555,7.287567138671875,3.355067253112793,-6.627810001373291,-21.312225341796875,-6.169679164886475,-18.370075225830078,0.4926754832267761
62,12.039180755615234,1.6085814237594604,4.540651798248291,-2.1690456867218018,-0.26708316802978516,1.0811595916748047,-0.7747147679328918,-1.7250771522521973,-14.1328706741333,6.821539878845215,5.180321216583252,-4.784562587738037,-24.625734329223633,2.2471556663513184,-6.06899356842041,6.1513166427612305
63,5.281606197357178,4.722566604614258,9.291312217712402,1.194373369216919,5.582684516906738,6.8865227699279785,0.28221672773361206,7.465184211730957,-9.795308113098145,3.707120895385742,-0.4022468030452728,-4.327298641204834,-8.661446571350098,7.256420612335205,4.143477916717529,2.0335190296173096
64,0.01915830560028553,7.3377532958984375,15.909183502197266,6.341404438018799,10.872377395629883,13.371149063110352,12.917396545410156,16.29149627685547,2.962034225463867,15.452919006347656,8.350631713867188,9.60946273803711,1.2911357879638672,21.048147201538086,15.451743125915527,11.20742130279541
65,-0.48082566261291504,8.034815788269043,12.963628768920898,8.134222984313965,7.780205726623535,12.826040267944336,15.746771812438965,13.672778129577637,3.8565118312835693,20.170684814453125,11.691512107849121,16.80274200439453,6.8777546882629395,25.81216049194336,21.9267635345459,18.361055374145508
66,-2.265867233276367,8.998472213745117,5.269537448883057,-1.1067256927490234,0.8059832453727722,2.099740743637085,4.627379417419434,3.3026766777038574,15.20482063293457,5.389419078826904,-7.274577617645264,6.07206916809082,9.293655395507812,10.940540313720703,10.331175804138184,1.412042260169983
67,-9.287398338317871,-4.65620231628418,-2.07601261138916,-11.105777740478516,-7.585731506347656,-14.375117301940918,-6.0751051902771,-6.913679599761963,6.666843414306641,0.19941873848438263,-17.563594818115234,-3.333082437515259,0.7488057613372803,7.744333267211914,4.589906215667725,-3.4979135990142822
68,-16.321901321411133,-21.730310440063477,-16.506671905517578,-18.46782112121582,-14.643160820007324,-25.480199813842773,-13.748150825500488,-12.207725524902344,3.9667205810546875,-4.495116710662842,-25.8138370513916,-10.560725212097168,-1.9755256175994873,1.2384095191955566,1.8954511880874634,-4.833914756774902
69,-15.596588134765625,-16.03648567199707,-17.403932571411133,-9.708208084106445,-2.8483667373657227,-19.743120193481445,-12.632883071899414,-8.451891899108887,0.3135882318019867,-7.210334300994873,-26.706134796142578,-15.599188804626465,0.031808409839868546,-6.754204750061035,-2.616305112838745,-6.706599712371826
70,-18.853599548339844,-9.159399032592773,-7.897336006164551,-2.5912251472473145,-0.5714212656021118,-14.780789375305176,-9.278115272521973,-5.200704097747803,-6.626143455505371,0.7675909399986267,-12.867667198181152,-5.256048679351807,-5.544245719909668,2.026992082595825,-3.0597851276397705,-1.1797964572906494
71,-10.883580207824707,-7.3183207511901855,-8.5618314743042,-5.799602508544922,-9.59456729888916,-12.27554988861084,-12.26154899597168,-7.482162952423096,-12.01979923248291,0.25854724645614624,-7.491082191467285,4.24204158782959,-11.043816566467285,-2.819476842880249,-10.582517623901367,-6.223808765411377
72,13.490941047668457,7.110862731933594,-0.23977826535701752,6.237767219543457,-1.2125855684280396,6.334075927734375,-5.879416465759277,-0.720264732837677,-5.5706281661987305,0.7248944044113159,-0.9872751832008362,4.882133960723877,-13.909461975097656,-10.70881462097168,-14.560009002685547,-10.301392555236816
73,3.8137080669403076,2.2145884037017822,2.9529592990875244,5.030470848083496,0.9556751251220703,7.160114288330078,-2.9953131675720215,1.9100478887557983,0.21774256229400635,-3.810779333114624,0.8176504969596863,2.4667553901672363,-8.45846939086914,-4.149466037750244,-7.83123254776001,-6.791981220245361
74,-16.360149383544922,-13.05713939666748,-3.3069427013397217,-6.127286434173584,-3.464207410812378,-5.2509541511535645,-6.554436683654785,-3.874415397644043,5.198891639709473,-15.453170776367188,-2.7909996509552,-5.722944736480713,-7.344157695770264,-3.940790891647339,-5.117399215698242,-2.199354410171509
75,2.205132007598877,-5.786981105804443,-0.40467727184295654,-1.4023518562316895,3.4617364406585693,1.4471776485443115,2.580007553100586,2.4669768810272217,0.6182576417922974,-17.716449737548828,2.6352035999298096,-4.494081974029541,4.27130651473999,1.41097092628479,4.492887496948242,1.065953254699707
76,12.79537296295166,8.645345687866211,4.819216728210449,4.247847557067871,3.6802029609680176,11.261831283569336,5.463876247406006,5.76110315322876,9.320219039916992,-10.986818313598633,12.06721305847168,3.086505174636841,11.975028038024902,3.4672865867614746,5.9485344886779785,2.1145803928375244
77,24.269920349121094,26.425662994384766,13.356205940246582,12.769644737243652,12.285057067871094,23.284034729003906,10.622472763061523,10.191692352294922,13.373541831970215,-3.859313488006592,17.85987663269043,7.074127197265625,16.431978225708008,1.929100513458252,2.4945268630981445,-3.2538177967071533
78,22.2908935546875,20.672992706298828,17.04925537109375,10.4376220703125,9.451200485229492,19.773157119750977,11.325272560119629,8.65565299987793,11.437427520751953,5.131999492645264,21.28614044189453,15.24867057800293,11.849247932434082,4.954333305358887,7.447519779205322,-1.5347390174865723
79,23.3204345703125,23.3211612701416,22.317121505737305,13.071545600891113,10.061429977416992,20.69676971435547,9.422870635986328,5.880220890045166,6.624153137207031,5.683951377868652,22.897401809692383,15.578211784362793,8.092266082763672,2.515058755874634,10.125794410705566,3.3002429008483887
80,23.3204345703125,23.3211612701416,22.317121505737305,13.071545600891113,10.061429977416992,20.69676971435547,9.422870635986328,5.880220890045166,6.624153137207031,5.683951377868652,22.897401809692383,15.578211784362793,8.092266082763672,2.515058755874634,10.125794410705566,3.3002429008483887
81,8.908065795898438,9.76994514465332,11.01038646697998,5.569667816162109,5.216770648956299,4.559235095977783,2.4698832035064697,0.31570160388946533,11.383610725402832,2.0730092525482178,14.022978782653809,10.04574966430664,6.969570159912109,-0.857071578502655,4.179493427276611,3.596529960632324
82,2.3627068996429443,-1.1591827869415283,4.035305500030518,-0.16648675501346588,4.081122398376465,-6.118480205535889,4.4948835372924805,0.5372257232666016,1.5530340671539307,7.9806904792785645,6.573486328125,9.456294059753418,7.3773112297058105,3.0465426445007324,2.031888008117676,8.41407299041748
83,-2.3197684288024902,-2.993590831756592,-3.9755585193634033,-1.3521358966827393,-1.2691246271133423,-13.684609413146973,0.8120018243789673,-0.6664968729019165,3.3661932945251465,7.255941867828369,-0.3667711317539215,8.368345260620117,14.192770004272461,2.515763998031616,1.4652372598648071,7.424800872802734
84,-17.809385299682617,-16.979949951171875,-11.348434448242188,-11.017191886901855,-14.875850677490234,-25.9069881439209,-11.35063362121582,-9.949312210083008,1.924474835395813,-6.10452127456665,-14.312409400939941,-6.71734094619751,15.47847843170166,-9.951870918273926,-9.406389236450195,-4.897667407989502
85,-15.934808731079102,-13.183380126953125,-14.857686042785645,-9.677007675170898,-14.998695373535156,-17.25738525390625,-14.53214168548584,-11.145332336425781,11.228134155273438,-13.346860885620117,-21.018796920776367,-21.19171905517578,7.34248161315918,-21.503995895385742,-20.080242156982422,-17.27664566040039
86,1.3099470138549805,6.792623996734619,1.6621919870376587,3.5450053215026855,-5.8585052490234375,3.232173204421997,-8.189126014709473,-3.2343807220458984,-0.25398117303848267,0.9658416509628296,-5.703275680541992,-10.388569831848145,2.356321096420288,-16.362987518310547,-11.049921035766602,-10.010011672973633
87,4.822833061218262,7.278034687042236,8.753808975219727,3.803922176361084,-5.401399612426758,8.815402030944824,-2.496706008911133,1.0016992092132568,-4.655789375305176,10.907160758972168,5.806782245635986,1.6715775728225708,-4.649055480957031,-9.587967872619629,-0.1351199895143509,4.761815547943115
88,15.763575553894043,15.990931510925293,12.766629219055176,14.985130310058594,4.949085235595703,15.334238052368164,5.701928615570068,7.11819314956665,-10.322193145751953,5.769946575164795,5.68558931350708,3.3008084297180176,-7.869897842407227,-3.66344952583313,4.130345344543457,2.8628878593444824
89,20.115798950195312,23.621280670166016,22.840667724609375,22.06610870361328,19.47020721435547,23.569095611572266,18.67447853088379,15.21462631225586,-10.6458101272583,11.834285736083984,14.561453819274902,12.686509132385254,-7.192203044891357,13.5625,15.277044296264648,8.774088859558105
90,17.602834701538086,11.41943645477295,13.953418731689453,4.889875888824463,15.38657283782959,20.547279357910156,20.362407684326172,22.00359344482422,-4.3112473487854,10.825742721557617,21.000207901000977,22.30983543395996,6.453112602233887,20.173288345336914,18.715023040771484,17.559886932373047
91,7.64200496673584,10.044743537902832,12.424910545349121,8.807021141052246,8.545844078063965,14.595697402954102,18.739620208740234,17.74845314025879,-16.68198013305664,12.11849594116211,23.781253814697266,21.499975204467773,-0.17418430745601654,17.508329391479492,19.059097290039062,16.931673049926758
92,-10.650059700012207,-9.519782066345215,-6.517940044403076,3.3199775218963623,-8.059547424316406,-8.382425308227539,3.4234976768493652,-1.7900943756103516,-3.2131454944610596,-5.444044589996338,-2.1275603771209717,2.7325499057769775,0.9689104557037354,-6.091039180755615,4.045780658721924,3.301142454147339
93,-6.781870365142822,-11.093390464782715,-11.0973539352417,-2.712351083755493,-4.133701324462891,-9.09041690826416,-5.1928911209106445,-9.912325859069824,-1.3310645818710327,-9.234768867492676,-9.84048080444336,-7.432065486907959,-4.89870548248291,-13.804245948791504,-4.005179405212402,0.4669426381587982
94,-12.70374870300293,-18.169315338134766,-18.686267852783203,-20.25486946105957,-9.351544380187988,-17.858068466186523,-15.359112739562988,-14.054496765136719,4.260915756225586,-9.908371925354004,-11.844717979431152,-12.56371784210205,-4.44052267074585,-14.792654991149902,-9.030167579650879,-8.066812515258789
95,-12.70374870300293,-18.169315338134766,-18.686267852783203,-20.25486946105957,-9.351544380187988,-17.858068466186523,-15.359112739562988,-14.054496765136719,4.260915756225586,-9.908371925354004,-11.844717979431152,-12.56371784210205,-4.44052267074585,-14.792654991149902,-9.030167579650879,-8.066812515258789
96,-5.341576099395752,-17.85447120666504,-22.6597900390625,-20.574512481689453,-13.795526504516602,-19.4719181060791,-19.111576080322266,-19.681344985961914,7.501320838928223,-13.994743347167969,-18.849929809570312,-19.576662063598633,0.9467760920524597,-18.310176849365234,-13.863945007324219,-17.44901466369629
97,-6.719968795776367,-11.553445816040039,-15.152499198913574,-14.3037109375,-11.17764663696289,-13.953676223754883,-11.3544282913208,-15.384943008422852,-3.4397404193878174,-5.688002109527588,-10.843694686889648,-13.919963836669922,-9.473464012145996,-12.074885368347168,-13.781848907470703,-16.90473175048828
98,-11.051056861877441,-10.749207496643066,-17.15472984313965,-14.443538665771484,-9.671965599060059,-13.121097564697266,-6.979763507843018,-9.266483306884766,-4.339249134063721,-3.6339385509490967,-5.063198089599609,-7.814110279083252,-11.457178115844727,-6.585423469543457,-10.489068031311035,-17.168317794799805
99,-2.6100502014160156,-8.970165252685547,-9.940569877624512,-9.872414588928223,-8.835741996765137,-6.844367980957031,-7.680449485778809,-4.781050205230713,0.5536102056503296,-5.622341156005859,-5.363619804382324,-6.863106727600098,-7.170741558074951,-9.22134780883789,-7.019805908203125,-18.928634643554688
100,-2.682551622390747,-0.987166166305542,1.8301777839660645,4.646635055541992,-0.05043724924325943,4.5481858253479,0.5859918594360352,4.102605819702148,-0.15003685653209686,5.8848395347595215,4.787556171417236,0.47339949011802673,-10.325383186340332,-2.668560266494751,-2.3629236221313477,-5.76608943939209
101,-1.8517537117004395,3.11076283454895,13.20411491394043,13.775236129760742,8.402538299560547,12.584789276123047,8.316071510314941,13.636238098144531,-1.8817321062088013,11.597824096679688,13.95029067993164,10.053495407104492,-5.24329137802124,14.030231475830078,7.07265567779541,10.097588539123535
102,6.351407527923584,6.208530426025391,13.015562057495117,10.00273609161377,7.368994235992432,14.244735717773438,0.2031940519809723,18.259078979492188,7.629013538360596,2.16984486579895,9.66118335723877,11.758241653442383,12.935011863708496,17.442928314208984,9.741007804870605,7.948749542236328
103,14.632308959960938,13.286447525024414,16.789928436279297,13.023571968078613,18.44095230102539,18.650917053222656,9.516468048095703,22.47276496887207,-5.180241107940674,10.486310958862305,19.746761322021484,15.284250259399414,14.954986572265625,24.306381225585938,13.6008939743042,15.18678092956543
104,-2.0524227619171143,1.6245793104171753,7.410027503967285,4.369670867919922,11.676152229309082,5.254833698272705,10.154340744018555,14.211261749267578,-4.159820079803467,5.357862949371338,15.874831199645996,11.186360359191895,14.65463638305664,16.76559066772461,9.62813663482666,14.112513542175293
105,-4.959334373474121,3.99716854095459,10.6162691116333,1.8922920227050781,6.46205472946167,-1.21293044090271,3.0437891483306885,-4.848312854766846,-13.838566780090332,1.0081478357315063,-4.65292501449585,-6.624457359313965,4.056003570556641,7.0033860206604,6.573881149291992,19.55767822265625
106,-9.380561828613281,-9.881926536560059,0.10503721982240677,-9.264293670654297,-9.9370698928833,-11.611308097839355,-1.6096363067626953,-4.287013053894043,1.9749974012374878,-6.60523796081543,-13.613011360168457,-5.621480464935303,9.38835620880127,-4.892946243286133,1.9715032577514648,-2.6515069007873535
107,11.056217193603516,9.288468360900879,6.940758228302002,9.93885612487793,-3.188972234725952,6.2689104080200195,7.606432914733887,-1.6938445568084717,5.157107353210449,-7.452999114990234,-12.706446647644043,-10.294469833374023,2.1328890323638916,-10.436297416687012,-3.8170342445373535,-12.384530067443848
108,-4.705198287963867,-9.108602523803711,3.2660017013549805,-0.2016664743423462,-9.376570701599121,-4.115521430969238,4.506814002990723,-9.079476356506348,-7.792830467224121,3.2230589389801025,-2.7850334644317627,-9.514309883117676,-17.074031829833984,-6.419473171234131,0.654284656047821,-3.832704544067383
109,-25.470617294311523,-29.6995906829834,-15.311779022216797,-18.630321502685547,-17.721675872802734,-24.373153686523438,-12.850160598754883,-18.33990478515625,-5.641324520111084,-7.721718788146973,-13.111344337463379,-15.956063270568848,-16.33197021484375,-19.768117904663086,-10.92241382598877,-12.458724021911621
110,11.056217193603516,9.288468360900879,6.940758228302002,9.93885612487793,-3.188972234725952,6.2689104080200195,7.606432914733887,-1.6938445568084717,5.157107353210449,-7.452999114990234,-12.706446647644043,-10.294469833374023,2.1328890323638916,-10.436297416687012,-3.8170342445373535,-12.384530067443848
111,-4.705198287963867,-9.108602523803711,3.2660017013549805,-0.2016664743423462,-9.376570701599121,-4.115521430969238,4.506814002990723,-9.079476356506348,-7.792830467224121,3.2230589389801025,-2.7850334644317627,-9.514309883117676,-17.074031829833984,-6.419473171234131,0.654284656047821,-3.832704544067383
112,-25.470617294311523,-29.6995906829834,-15.311779022216797,-18.630321502685547,-17.721675872802734,-24.373153686523438,-12.850160598754883,-18.33990478515625,-5.641324520111084,-7.721718788146973,-13.111344337463379,-15.956063270568848,-16.33197021484375,-19.768117904663086,-10.92241382598877,-12.458724021911621
113,-23.951244354248047,-24.535404205322266,-31.11774253845215,-19.678621292114258,-16.951566696166992,-27.745298385620117,-25.970035552978516,-23.302330017089844,15.546341896057129,-17.66830062866211,-20.232866287231445,-19.675275802612305,-10.570212364196777,-21.977636337280273,-21.63469123840332,-17.5130558013916
114,-13.683693885803223,-19.719661712646484,-26.63094711303711,-15.444730758666992,-12.634746551513672,-20.94403076171875,-19.133331298828125,-16.84976577758789,3.718541383743286,-8.162198066711426,-12.691288948059082,-7.204263687133789,-17.716552734375,-8.662657737731934,-12.695098876953125,-8.616908073425293
115,14.580723762512207,12.882428169250488,4.5558180809021,8.982852935791016,8.449173927307129,16.9083309173584,8.494267463684082,13.424674987792969,7.954817771911621,12.493680953979492,13.886672973632812,17.4464111328125,4.557398796081543,16.246122360229492,17.921764373779297,8.721190452575684
116,11.529480934143066,8.26149845123291,10.067729949951172,3.4568028450012207,5.869247913360596,12.511388778686523,7.274542808532715,11.116621971130371,11.144843101501465,9.93384075164795,15.482564926147461,12.405278205871582,18.16144371032715,3.120884418487549,11.496577262878418,6.204497337341309
117,0.9365121722221375,7.5424041748046875,3.4883737564086914,-1.592696189880371,1.5760564804077148,9.608481407165527,-4.122995376586914,2.454322576522827,22.250802993774414,-3.7984719276428223,7.000530242919922,4.330341815948486,29.09710693359375,-8.433345794677734,0.5523168444633484,-0.667467474937439
118,1.6370574235916138,-1.660585641860962,-4.651732921600342,1.3899208307266235,3.5589752197265625,2.464304208755493,-4.449269771575928,-3.679849863052368,5.616732597351074,-0.4165818989276886,8.099549293518066,1.3264846801757812,20.402151107788086,-2.2828080654144287,-1.8976845741271973,-2.5220532417297363
119,-1.8081220388412476,-0.6654236316680908,-1.8127506971359253,10.006967544555664,8.092060089111328,-2.435906171798706,7.136744022369385,3.2718822956085205,0.3452768921852112,1.9795619249343872,6.0235981941223145,2.851771116256714,17.64530372619629,4.298084259033203,1.0560288429260254,2.1430037021636963
120,10.429368019104004,4.3289408683776855,-1.2482562065124512,2.6700847148895264,1.5025886297225952,2.858560562133789,7.3220720291137695,6.9580583572387695,-7.6052327156066895,8.904397010803223,1.663793683052063,3.881009817123413,-3.1391000747680664,12.872965812683105,9.257383346557617,1.7167422771453857
121,1.897311806678772,-1.4927411079406738,-2.885848045349121,-7.613601207733154,-7.579979419708252,-1.9680697917938232,-4.252707004547119,2.4741101264953613,-13.891986846923828,11.835030555725098,4.974935531616211,8.174774169921875,-12.1146240234375,4.4279632568359375,6.773388862609863,-1.0810445547103882
122,-8.655881881713867,-4.705827236175537,-5.138786315917969,-6.920655250549316,-10.044904708862305,-9.691225051879883,-9.487288475036621,-5.119383335113525,-17.031469345092773,3.8816492557525635,-1.85746169090271,-0.03570999950170517,-15.12571907043457,-6.207723140716553,-3.0618672370910645,-5.566654205322266
123,-10.685341835021973,-8.069609642028809,-10.190801620483398,0.9017044305801392,-6.527885437011719,-14.923200607299805,-8.79671573638916,-14.704656600952148,-11.016830444335938,-6.0837249755859375,-6.472742080688477,-8.176528930664062,-19.09624671936035,-10.98147201538086,-15.960108757019043,-10.12315559387207
124,-7.089512825012207,-8.951759338378906,0.5210976004600525,-1.162279725074768,-7.271986961364746,-15.178494453430176,-7.993293762207031,-13.707540512084961,-6.690074443817139,-12.35351276397705,-10.886969566345215,-10.83845329284668,-15.142878532409668,-12.54159927368164,-17.469972610473633,-9.345133781433105
125,-10.685341835021973,-8.069609642028809,-10.190801620483398,0.9017044305801392,-6.527885437011719,-14.923200607299805,-8.79671573638916,-14.704656600952148,-11.016830444335938,-6.0837249755859375,-6.472742080688477,-8.176528930664062,-19.09624671936035,-10.98147201538086,-15.960108757019043,-10.12315559387207
126,-7.089512825012207,-8.951759338378906,0.5210976004600525,-1.162279725074768,-7.271986961364746,-15.178494453430176,-7.993293762207031,-13.707540512084961,-6.690074443817139,-12.35351276397705,-10.886969566345215,-10.83845329284668,-15.142878532409668,-12.54159927368164,-17.469972610473633,-9.345133781433105
127,-4.630721569061279,-4.2335076332092285,8.304630279541016,1.8470079898834229,3.778101921081543,-3.9747824668884277,3.3853073120117188,-0.8228195309638977,0.14892517030239105,-9.334386825561523,-7.690864086151123,-8.879783630371094,-4.224724769592285,-2.8426451683044434,-5.867424488067627,-5.227112293243408
128,2.1745007038116455,6.452052116394043,10.219931602478027,8.71240520477295,18.176790237426758,10.177206993103027,12.664772987365723,10.142680168151855,-1.49042809009552,-0.8118289113044739,1.0089534521102905,-1.0092955827713013,6.313720703125,11.20941162109375,9.113338470458984,5.285198211669922
129,12.1141357421875,15.084126472473145,12.178833961486816,7.217013359069824,16.188264846801758,13.688177108764648,13.310528755187988,12.766377449035645,0.540101945400238,11.372977256774902,13.62860107421875,13.31040096282959,10.068047523498535,19.466176986694336,17.01523208618164,16.936410903930664
130,16.891572952270508,17.60258674621582,22.55784797668457,9.729799270629883,14.370757102966309,19.076812744140625,12.464914321899414,10.707172393798828,-10.761791229248047,19.637907028198242,23.87421226501465,21.0460262298584,1.875916838645935,11.17650032043457,10.307269096374512,19.293739318847656
131,6.4744553565979,6.55536413192749,13.107690811157227,7.353546142578125,7.936355113983154,12.491713523864746,6.980119228363037,7.002292156219482,-6.205660343170166,6.342619895935059,9.589760780334473,11.771138191223145,-2.8474018573760986,-4.029764175415039,-5.449634552001953,11.960100173950195
132,-11.728764533996582,-11.3819580078125,-2.155355215072632,1.589686393737793,1.0340937376022339,-3.0262691974639893,3.588212013244629,4.842152118682861,-1.532972812652588,-14.482942581176758,-10.17092514038086,-0.8215328454971313,6.206840991973877,-4.818109035491943,-9.824495315551758,1.1126846075057983
133,-11.14511489868164,-6.793381690979004,0.6032323241233826,-5.793216705322266,1.2164037227630615,1.06244957447052,3.7368452548980713,7.304806709289551,7.861974716186523,-14.674152374267578,-10.583786964416504,-4.670001983642578,5.880848407745361,3.3791215419769287,-0.2654108703136444,-1.9820412397384644
134,-5.73606014251709,-0.4840075671672821,-0.8984416127204895,-14.904034614562988,-4.922082424163818,-1.6035082340240479,-5.234061241149902,2.8496432304382324,6.0842766761779785,-8.482970237731934,-5.819443225860596,-2.7320361137390137,1.679250717163086,5.475310802459717,4.473912239074707,-6.492057800292969
135,2.0623207092285156,-3.0986196994781494,-11.699702262878418,-12.615822792053223,-12.267765998840332,-10.398926734924316,-8.233830451965332,-13.69611930847168,-0.16262473165988922,1.9693682193756104,-2.242051362991333,-6.379138946533203,-6.052938938140869,-6.711994171142578,-6.0356292724609375,-7.748289108276367
136,-11.262661933898926,-14.518269538879395,-25.520748138427734,-19.210649490356445,-21.581466674804688,-20.393098831176758,-22.31679916381836,-23.19394874572754,4.483068466186523,-3.2856853008270264,-11.517091751098633,-11.383397102355957,-11.126964569091797,-21.20444679260254,-20.532751083374023,-13.013370513916016
137,-16.636255264282227,-20.762248992919922,-23.376163482666016,-18.495586395263672,-24.18577003479004,-20.73711585998535,-22.061935424804688,-20.030317306518555,-5.792806625366211,-6.674426555633545,-14.067466735839844,-15.889604568481445,-15.906682014465332,-24.794654846191406,-20.502429962158203,-11.20937442779541
138,-6.425552845001221,-13.24867057800293,-15.504194259643555,-14.176490783691406,-14.861878395080566,-11.745052337646484,-15.256760597229004,-17.03571891784668,3.6381676197052,-8.744183540344238,-17.137496948242188,-19.164770126342773,-12.567967414855957,-25.13549041748047,-15.653505325317383,-14.458379745483398
139,1.693104863166809,-5.890848636627197,-12.653227806091309,-0.10596392303705215,1.2292879819869995,-5.446621894836426,-5.582330226898193,-13.411596298217773,0.48642081022262573,-5.435598373413086,-13.606497764587402,-13.510202407836914,-10.431370735168457,-12.082417488098145,-5.953400135040283,-3.1789333820343018
140,1.693104863166809,-5.890848636627197,-12.653227806091309,-0.10596392303705215,1.2292879819869995,-5.446621894836426,-5.582330226898193,-13.411596298217773,0.48642081022262573,-5.435598373413086,-13.606497764587402,-13.510202407836914,-10.431370735168457,-12.082417488098145,-5.953400135040283,-3.1789333820343018
141,0.780194878578186,1.7869256734848022,2.066087484359741,7.41377067565918,9.249695777893066,2.9318885803222656,7.998490333557129,-0.027632182464003563,-10.357179641723633,5.299356937408447,0.3116363286972046,-2.732339859008789,-13.193788528442383,10.796770095825195,9.664319038391113,15.556901931762695
142,5.235079765319824,14.4172945022583,9.966377258300781,7.775979518890381,7.636624813079834,15.96622371673584,11.358684539794922,11.646260261535645,-11.306716918945312,11.46263599395752,8.328993797302246,2.7578885555267334,1.8820825815200806,15.214757919311523,12.251803398132324,8.846410751342773
143,16.056724548339844,16.107040405273438,13.161003112792969,18.157438278198242,5.645143985748291,17.925661087036133,12.675851821899414,17.358436584472656,-4.929539203643799,19.34592628479004,19.12444496154785,12.295592308044434,14.029617309570312,14.813026428222656,8.467889785766602,4.541948318481445
144,9.217546463012695,16.641647338867188,15.443414688110352,22.242164611816406,5.847311496734619,15.620931625366211,10.253117561340332,16.815933227539062,3.5321900844573975,11.400046348571777,15.902726173400879,12.474807739257812,23.08116340637207,5.562639236450195,0.14505800604820251,-0.5568509697914124
145,4.3119049072265625,11.101957321166992,10.738991737365723,12.436798095703125,8.360095977783203,11.063124656677246,9.498140335083008,13.591269493103027,14.74609088897705,7.270722389221191,11.678861618041992,8.044797897338867,29.6091251373291,5.604447841644287,4.814755439758301,4.076998233795166
146,9.787049293518066,-4.592339515686035,-3.9675261974334717,-5.833691596984863,2.5265121459960938,-3.8120319843292236,-1.8211660385131836,-0.02666255086660385,16.217029571533203,0.9028143286705017,4.866435527801514,-2.2527008056640625,25.320039749145508,8.454045295715332,10.169295310974121,7.797725677490234
147,0.34391894936561584,-2.9194488525390625,-3.3774960041046143,-8.341196060180664,-3.3740017414093018,-6.181495666503906,-12.73374080657959,-10.211304664611816,10.679707527160645,-15.055071830749512,-9.860570907592773,-11.808208465576172,13.294853210449219,-3.088287591934204,-0.3582231402397156,-4.437220573425293
148,4.220893383026123,-0.4507911503314972,6.339550495147705,3.537597894668579,3.7694873809814453,3.140216112136841,0.709809422492981,0.17738249897956848,-5.650920867919922,-8.420265197753906,0.08570408076047897,-4.4403462409973145,-1.7769579887390137,2.379220724105835,5.515143394470215,-2.5220510959625244
149,1.9643810987472534,0.6435146331787109,11.373159408569336,7.908435344696045,11.751684188842773,6.183976650238037,9.996380805969238,8.089237213134766,-9.27938461303711,4.702115058898926,11.662736892700195,5.19337797164917,-0.07700082659721375,9.899470329284668,13.358253479003906,3.6569230556488037
150,-10.898961067199707,-8.152420997619629,1.8901342153549194,2.2368552684783936,5.837365627288818,-14.240828514099121,-7.726030349731445,-9.222332954406738,-5.986424922943115,3.6275980472564697,-5.763195037841797,1.629520058631897,-11.936118125915527,7.349833965301514,3.069134473800659,7.115549564361572
151,-3.6096246242523193,-5.095671653747559,-8.36779499053955,-10.14415168762207,-0.6149558424949646,-9.600014686584473,-16.24535369873047,-13.94892692565918,-8.872576713562012,-5.688201904296875,-14.607373237609863,-9.307429313659668,-18.76582908630371,-7.347495079040527,-10.995851516723633,-1.1579914093017578
152,4.930174827575684,1.6640241146087646,-1.9947965145111084,-11.777338981628418,-3.9787404537200928,-1.2128159999847412,-6.789305210113525,-3.5972137451171875,-15.973255157470703,-3.7418835163116455,-4.2155537605285645,-5.040775775909424,-13.631291389465332,-5.5010175704956055,-12.057036399841309,-2.2095093727111816
153,10.753170013427734,5.041172504425049,0.27407142519950867,-7.484577178955078,-7.317995071411133,8.512741088867188,3.631143808364868,3.5199320316314697,-1.708107352256775,-0.7690415382385254,4.875092506408691,-0.13121287524700165,-3.958207607269287,-7.527589797973633,-8.730268478393555,-6.504698753356934
154,9.260050773620605,2.953712224960327,3.8871307373046875,-3.7128169536590576,-1.4643772840499878,10.336299896240234,11.551803588867188,8.678387641906738,-3.168689250946045,4.542412281036377,8.537693977355957,10.508157730102539,-1.85514235496521,-4.829833507537842,-2.980884075164795,-6.734917640686035
155,8.206588745117188,7.80510139465332,9.243183135986328,10.712359428405762,8.140013694763184,8.213635444641113,18.71445655822754,11.651864051818848,-0.39756065607070923,14.322322845458984,10.936053276062012,23.29202651977539,-6.119071960449219,11.74783992767334,9.625373840332031,7.868381023406982
156,10.096330642700195,21.941598892211914,16.297813415527344,25.624296188354492,15.687901496887207,16.238338470458984,17.192474365234375,11.059736251831055,-1.6071059703826904,14.46692943572998,3.608480930328369,17.989723205566406,-6.529413223266602,12.888323783874512,14.310023307800293,13.311666488647461
157,-0.23411504924297333,14.792423248291016,12.48298168182373,14.917445182800293,8.72057819366455,11.998839378356934,11.965835571289062,9.608928680419922,1.9179548025131226,8.854338645935059,3.2626805305480957,11.178303718566895,-5.880143165588379,9.00202751159668,9.962881088256836,7.799493789672852
158,-2.6924469470977783,4.015060901641846,10.90999698638916,8.728875160217285,-6.9260759353637695,4.444851398468018,7.710757255554199,5.011439800262451,-2.4052155017852783,-1.8711117506027222,1.6552737951278687,-0.6920179128646851,-4.092200756072998,-0.8218263983726501,-3.53505277633667,-0.3302648365497589
159,1.7641451358795166,-4.582671642303467,3.9154303073883057,2.8765127658843994,-13.48248291015625,1.5844941139221191,-1.033251166343689,-1.153515338897705,3.857915163040161,-10.405096054077148,-2.4110660552978516,-11.656484603881836,-6.36355447769165,-14.17046070098877,-16.59734535217285,-14.197094917297363
160,-7.3303728103637695,-20.285715103149414,-12.143547058105469,-11.940214157104492,-15.95444393157959,-9.892986297607422,-11.541465759277344,-10.665757179260254,3.367654800415039,-12.411335945129395,-6.383100986480713,-14.532869338989258,0.949313223361969,-11.931422233581543,-14.37980842590332,-14.654916763305664
161,-5.151549339294434,-15.244297981262207,-16.62080192565918,-10.213491439819336,-6.055097579956055,-9.362300872802734,-14.18034553527832,-7.893303394317627,9.488170623779297,-4.740797519683838,-6.7476372718811035,-15.796150207519531,4.37507963180542,-3.0225696563720703,-6.371919631958008,0.2245650440454483
162,2.9393064975738525,3.8674068450927734,-4.8050947189331055,-1.9446665048599243,1.7537211179733276,0.8170010447502136,-5.232563495635986,3.996713161468506,3.5350027084350586,6.9541144371032715,4.054477214813232,-6.242459297180176,3.965245008468628,7.648370265960693,1.1371405124664307,6.126049518585205
163,-3.455280303955078,3.0784494876861572,-2.7158610820770264,-0.7341786623001099,-1.0045775175094604,0.00639222702011466,-1.123915433883667,7.818490505218506,12.485249519348145,7.047728061676025,5.2126383781433105,3.332777976989746,12.19465446472168,13.405928611755371,3.1687512397766113,2.180084466934204
164,-13.647273063659668,-7.170176982879639,-8.762444496154785,-1.025476336479187,1.1155298948287964,-6.664958953857422,0.4228765666484833,5.937598705291748,4.6951494216918945,9.559832572937012,0.015760421752929688,3.0027272701263428,12.514062881469727,10.765920639038086,2.7586421966552734,3.423556089401245
165,-10.369609832763672,-10.650848388671875,-16.069684982299805,-8.9620361328125,-4.148468971252441,-16.244625091552734,-4.238204479217529,-8.500821113586426,12.016721725463867,5.140652656555176,-11.585416793823242,-7.405468463897705,4.8442254066467285,1.9635777473449707,-3.599738359451294,-2.2361857891082764
166,-6.578975200653076,-17.96510887145996,-20.36587905883789,-27.15643310546875,-11.392309188842773,-24.168851852416992,-19.491748809814453,-24.90163230895996,3.9828500747680664,4.214557647705078,-14.949538230895996,-17.839948654174805,-7.711026668548584,0.5701798796653748,-8.384681701660156,-4.150005340576172
167,-7.364088535308838,-14.044177055358887,-14.370901107788086,-32.01997756958008,-15.096867561340332,-18.125940322875977,-24.97622299194336,-22.023143768310547,-2.6877307891845703,2.359267473220825,-17.897018432617188,-16.088037490844727,-14.353948593139648,-1.0683801174163818,-9.586031913757324,-5.209497451782227
168,0.37157121300697327,8.59125804901123,-1.2455986738204956,-9.465916633605957,-11.521577835083008,2.688843250274658,-7.87497615814209,-2.7299132347106934,-0.15335403382778168,-4.048578262329102,-18.276691436767578,-4.887307643890381,-9.55660343170166,-5.000936985015869,-12.588118553161621,-10.608288764953613
169,13.85226821899414,26.41806411743164,21.9647159576416,10.549728393554688,1.2427314519882202,19.850337982177734,18.98436737060547,18.247203826904297,-3.4331324100494385,4.790053367614746,3.978646755218506,17.005056381225586,-9.409812927246094,1.8423502445220947,-6.776692867279053,-3.816486358642578
170,21.80252456665039,27.93181800842285,26.11040687561035,18.710168838500977,12.20223617553711,22.20259666442871,22.04342269897461,19.530406951904297,7.442725658416748,-0.16190898418426514,7.772758483886719,25.30168914794922,0.8173087239265442,2.5073840618133545,3.9174232482910156,-2.3354671001434326
171,1.2129185199737549,7.456027984619141,14.120233535766602,16.884119033813477,14.277066230773926,2.4656455516815186,8.488912582397461,0.0878114327788353,2.4955027103424072,-0.16111350059509277,2.9575533866882324,18.33776092529297,1.0171245336532593,4.364609241485596,13.519854545593262,5.392402648925781
172,-4.478600025177002,-2.1125032901763916,3.9264490604400635,9.994136810302734,17.622112274169922,-5.201477527618408,3.4514505863189697,-8.944361686706543,-1.6384896039962769,-1.4783296585083008,-3.208066701889038,7.8850226402282715,-3.5427956581115723,8.828062057495117,16.872007369995117,13.398721694946289
173,8.02652645111084,0.927746057510376,5.308058261871338,9.131157875061035,14.799545288085938,6.417420387268066,2.0685620307922363,-1.7678978443145752,0.6293174624443054,-5.419347763061523,-5.90132999420166,2.926765203475952,0.7382044792175293,12.733887672424316,20.400840759277344,12.57121467590332
174,1.5508910417556763,-4.308791637420654,1.2857786417007446,4.468268394470215,2.927493095397949,5.843059062957764,4.119712829589844,-0.09704388678073883,-7.673371315002441,1.3159252405166626,5.378293037414551,-0.11532877385616302,-6.307741641998291,10.89033031463623,20.397544860839844,14.720961570739746
175,-0.7638571262359619,-1.1759727001190186,-2.492077350616455,-1.8316311836242676,-1.0817378759384155,3.7407212257385254,6.714053630828857,-0.9067985415458679,-7.191756725311279,-10.730291366577148,0.4574018120765686,-11.157759666442871,-6.647161960601807,-5.997963905334473,1.5689884424209595,-0.5888527035713196
176,-0.24053649604320526,-1.8031342029571533,-8.17851448059082,-6.186145782470703,-7.263686656951904,2.7036707401275635,1.062076449394226,-2.3067245483398438,2.612020254135132,-17.382278442382812,-2.7198030948638916,-12.784832954406738,0.39309248328208923,-13.130849838256836,-13.24121379852295,-12.486241340637207
177,-3.4889824390411377,-6.403766632080078,-6.470003604888916,-9.88122844696045,-7.433745861053467,0.6566634178161621,-5.833022117614746,-2.8706741333007812,-5.7347002029418945,-9.938863754272461,6.007015228271484,-7.171212196350098,-3.378922700881958,-9.95138931274414,-14.342391967773438,-9.47080135345459
178,-10.031559944152832,-20.602548599243164,-16.12224578857422,-20.582700729370117,-12.419849395751953,-14.548314094543457,-17.589759826660156,-8.387616157531738,-12.134933471679688,-4.623913764953613,5.6911940574646,-3.5168869495391846,-11.596632957458496,-8.319873809814453,-7.5165276527404785,-10.616707801818848
179,-15.911795616149902,-30.147159576416016,-22.749853134155273,-19.723617553710938,-15.562249183654785,-23.10161018371582,-22.365163803100586,-14.41146469116211,-8.293137550354004,-7.967235565185547,-2.7636640071868896,-6.507666110992432,3.283153772354126,-15.849204063415527,-8.049397468566895,-20.855497360229492
180,7.345133304595947,8.004014015197754,5.732647895812988,15.241244316101074,10.231988906860352,3.917649984359741,4.905709266662598,4.5708746910095215,-0.36085382103919983,5.6112213134765625,5.541438579559326,-4.515286922454834,10.783310890197754,2.996387243270874,6.564950466156006,6.081772804260254
181,8.23463249206543,10.23546314239502,2.6091272830963135,7.1382365226745605,4.7740631103515625,6.149073600769043,4.35421085357666,3.2639384269714355,5.267617225646973,8.654067993164062,6.546267986297607,-2.7296035289764404,11.432571411132812,-3.613030195236206,-0.48435336351394653,4.526500225067139
182,15.704329490661621,24.9118709564209,12.435795783996582,20.17892837524414,15.913969993591309,16.018840789794922,10.906171798706055,8.304625511169434,-9.496133804321289,14.960305213928223,14.210735321044922,5.050294876098633,-4.848649501800537,2.386826753616333,6.00832986831665,17.032135009765625
183,-2.6731350421905518,6.019012928009033,8.799388885498047,17.526611328125,12.008435249328613,5.643215656280518,14.766104698181152,11.327043533325195,-21.269487380981445,13.288490295410156,13.88578987121582,16.045690536499023,-18.3430118560791,16.716720581054688,25.322189331054688,27.348270416259766
184,-12.128684997558594,-9.76594352722168,1.0969936847686768,4.990384101867676,1.5308821201324463,-0.7517701983451843,11.913826942443848,11.037613868713379,-11.869574546813965,-8.160558700561523,-4.173303604125977,11.284123420715332,2.9074923992156982,10.094923973083496,16.961633682250977,9.429411888122559
185,-2.6731350421905518,6.019012928009033,8.799388885498047,17.526611328125,12.008435249328613,5.643215656280518,14.766104698181152,11.327043533325195,-21.269487380981445,13.288490295410156,13.88578987121582,16.045690536499023,-18.3430118560791,16.716720581054688,25.322189331054688,27.348270416259766
186,-12.128684997558594,-9.76594352722168,1.0969936847686768,4.990384101867676,1.5308821201324463,-0.7517701983451843,11.913826942443848,11.037613868713379,-11.869574546813965,-8.160558700561523,-4.173303604125977,11.284123420715332,2.9074923992156982,10.094923973083496,16.961633682250977,9.429411888122559
187,-5.349410057067871,-0.009147752076387405,1.3315175771713257,4.139327526092529,-5.582772254943848,-1.5239436626434326,4.475164890289307,7.551662445068359,4.255671977996826,-16.71063995361328,-9.155232429504395,3.506049633026123,13.188518524169922,0.9762932062149048,1.3421473503112793,-2.1248679161071777
188,-10.622058868408203,-5.01807165145874,-1.316057801246643,-4.357931613922119,-12.143163681030273,-7.127537250518799,1.9272546768188477,3.3609323501586914,-5.395212173461914,-9.035225868225098,-2.5638203620910645,2.639016628265381,4.375827789306641,-6.066063404083252,-3.425778388977051,-4.544928073883057
189,-11.796502113342285,-14.9378662109375,-8.288470268249512,-22.402917861938477,-21.933258056640625,-11.883201599121094,-5.7707037925720215,-1.6227030754089355,7.537854194641113,-7.262982368469238,-11.735932350158691,-2.8083789348602295,1.0698349475860596,-21.332019805908203,-17.518720626831055,-12.86690616607666
190,-3.2206218242645264,-10.696634292602539,-7.868064880371094,-23.816104888916016,-21.56456184387207,-12.24996566772461,-13.224982261657715,-10.200817108154297,13.990869522094727,-3.239610433578491,-8.926912307739258,-7.427938938140869,0.19878767430782318,-26.459762573242188,-24.920665740966797,-14.357623100280762
191,-4.317746162414551,-9.637858390808105,-8.89245891571045,-12.518013000488281,-11.018861770629883,-12.583148002624512,-14.668540954589844,-14.925819396972656,14.219551086425781,1.1534204483032227,-2.9591691493988037,-11.868803024291992,-4.501840591430664,-16.577621459960938,-21.152729034423828,-11.740856170654297
192,-4.387548923492432,-10.111225128173828,-12.007940292358398,-6.1361589431762695,-6.8103508949279785,-7.913944244384766,-16.03241729736328,-13.288002014160156,6.699314117431641,-1.6881306171417236,-11.183948516845703,-17.617572784423828,-5.714099407196045,-6.7268967628479,-12.217337608337402,-6.882988452911377
193,2.3792879581451416,-5.9716057777404785,-4.802938461303711,2.4928765296936035,2.7830166816711426,2.556553602218628,-5.481184005737305,-5.0600996017456055,0.15936939418315887,-1.1920417547225952,-7.152773857116699,-12.077940940856934,2.223944902420044,3.0308663845062256,0.009957198984920979,0.3411027193069458
194,3.750647783279419,5.907238006591797,-0.2100314348936081,10.473447799682617,7.043750762939453,7.4036054611206055,0.1671731024980545,-1.3417497873306274,4.679162502288818,-6.516110420227051,-4.533375263214111,-3.97851300239563,15.82131290435791,4.559410095214844,2.246342182159424,-3.8908472061157227
195,3.750647783279419,5.907238006591797,-0.2100314348936081,10.473447799682617,7.043750762939453,7.4036054611206055,0.1671731024980545,-1.3417497873306274,4.679162502288818,-6.516110420227051,-4.533375263214111,-3.97851300239563,15.82131290435791,4.559410095214844,2.246342182159424,-3.8908472061157227
196,-2.898172616958618,9.569693565368652,8.584966659545898,9.329769134521484,4.898803234100342,8.150467872619629,2.575904369354248,1.584791898727417,7.80248498916626,-9.92532730102539,-0.6284719705581665,6.4131340980529785,14.377199172973633,4.543679237365723,4.208144187927246,1.1106650829315186
197,-0.6762726902961731,4.7093706130981445,11.909539222717285,8.619563102722168,6.908592700958252,9.2072172164917,9.721412658691406,7.015665531158447,6.348894119262695,-8.530725479125977,0.758300244808197,9.714571952819824,9.88420295715332,-0.5234476327896118,1.9840869903564453,5.662784099578857
198,17.77937889099121,12.631077766418457,16.102296829223633,12.802312850952148,14.407721519470215,13.286635398864746,15.907424926757812,7.360982418060303,6.30006742477417,-1.0444319248199463,7.166967868804932,8.938465118408203,5.74837589263916,-2.4258317947387695,-0.21625840663909912,5.333383560180664
199,9.637543678283691,3.9349558353424072,5.9032368659973145,1.3915045261383057,15.24185562133789,5.481020927429199,11.4546537399292,4.623032093048096,0.7439740300178528,10.222253799438477,16.087406158447266,10.56074047088623,-1.3908833265304565,12.98756217956543,13.19544792175293,18.309988021850586
200,1.2240549325942993,-6.892387390136719,-15.491436958312988,-12.441107749938965,-10.573009490966797,-10.922415733337402,-14.552932739257812,-9.690254211425781,8.056479454040527,-7.542863368988037,-7.2142252922058105,-7.373920917510986,-4.705745697021484,-12.803936958312988,-9.663816452026367,-9.552817344665527
201,13.946401596069336,1.0473687648773193,-2.392578601837158,-3.8658230304718018,-1.4300739765167236,1.2044326066970825,-2.530907154083252,-6.647378444671631,-5.661499977111816,5.495306491851807,7.8547515869140625,-8.53353214263916,-26.848722457885742,-7.06343936920166,-7.585027694702148,-7.128495693206787
202,10.27971076965332,14.908530235290527,7.025033473968506,4.838387966156006,7.619438648223877,10.989867210388184,6.680364608764648,-2.3232569694519043,-6.838217258453369,15.047523498535156,17.56816864013672,-1.0782040357589722,-27.953048706054688,-2.9624438285827637,-0.8646294474601746,-1.5891592502593994
203,-9.334162712097168,2.706789016723633,10.925920486450195,6.191965103149414,6.004724025726318,4.417961120605469,7.724154949188232,2.8054497241973877,-23.1588134765625,20.496442794799805,18.934083938598633,8.551136016845703,-20.43429183959961,4.364329814910889,7.616237640380859,9.73763370513916
204,-5.704438209533691,0.008987043984234333,4.724759101867676,6.449446678161621,6.556390762329102,4.465151309967041,6.177088737487793,11.231977462768555,-12.638418197631836,9.661373138427734,4.931710720062256,5.435091018676758,-6.477109432220459,8.266111373901367,9.266634941101074,-0.6436895728111267
205,-5.704438209533691,0.008987043984234333,4.724759101867676,6.449446678161621,6.556390762329102,4.465151309967041,6.177088737487793,11.231977462768555,-12.638418197631836,9.661373138427734,4.931710720062256,5.435091018676758,-6.477109432220459,8.266111373901367,9.266634941101074,-0.6436895728111267
206,6.824117660522461,8.5595703125,3.167243242263794,1.8171660900115967,3.6234047412872314,5.458498001098633,0.28467831015586853,11.978318214416504,-3.704922676086426,3.8427553176879883,1.0101457834243774,7.719234466552734,9.16064739227295,8.278040885925293,9.136848449707031,-6.030050277709961
207,5.4659013748168945,1.919347882270813,-0.15958835184574127,-5.240459442138672,-1.92491614818573,-1.3965942859649658,-5.032308578491211,4.053184509277344,-0.3214367926120758,9.052734375,4.9116411209106445,11.291651725769043,6.882478713989258,5.439492225646973,9.313313484191895,1.699610710144043
208,2.24324369430542,-0.7821693420410156,0.34605762362480164,-10.204878807067871,-4.747996807098389,-6.100030422210693,-6.543297290802002,-0.361855149269104,-5.514403343200684,3.054612874984741,-3.4073212146759033,4.341233730316162,0.7847169637680054,-2.7803573608398438,1.53309166431427,-3.9533474445343018
209,5.300284385681152,0.44450002908706665,1.789046049118042,-10.006340026855469,-10.113495826721191,-2.86447811126709,-8.452853202819824,-0.5642098188400269,7.807365417480469,-8.46765422821045,-10.11496353149414,-0.6433155536651611,-3.320178747177124,-9.048638343811035,-8.113211631774902,-11.168220520019531
210,-14.815966606140137,-2.9970953464508057,-3.30888295173645,3.8052711486816406,-4.390864849090576,-4.576261520385742,1.3089320659637451,-3.0529778003692627,-2.1722869873046875,-13.276780128479004,-8.282994270324707,-9.937724113464355,-17.721267700195312,1.742619276046753,-0.2239689975976944,-3.5202994346618652
211,-11.780158996582031,-4.239542007446289,-6.341839790344238,0.15368244051933289,-3.995812177658081,-4.6191864013671875,6.075222015380859,1.4415931701660156,0.3208412826061249,-17.937713623046875,-11.443350791931152,-9.690750122070312,-3.3617119789123535,1.2963556051254272,0.14991289377212524,-3.913461923599243
212,-2.343653678894043,-3.2865731716156006,-2.02960467338562,1.7635501623153687,2.8285350799560547,1.9433914422988892,8.455119132995605,1.1366136074066162,8.402782440185547,-7.340252876281738,-1.732791543006897,-4.953841686248779,12.466296195983887,3.174182653427124,1.594956636428833,2.858164072036743
213,-1.5702675580978394,-7.419253826141357,1.8839750289916992,3.110265016555786,2.499577760696411,1.014911413192749,5.5668487548828125,-3.9313912391662598,1.833412528038025,6.092391014099121,6.700211048126221,1.5786923170089722,16.600942611694336,8.141862869262695,4.807035446166992,15.629106521606445
214,9.659721374511719,1.6761616468429565,7.394627571105957,9.123380661010742,3.5973832607269287,4.639980792999268,5.433030605316162,-4.207808494567871,3.9473702907562256,12.557096481323242,10.484628677368164,1.438664197921753,11.734084129333496,2.2745747566223145,0.750008225440979,15.405115127563477
215,10.804178237915039,10.005821228027344,2.5864968299865723,9.89977741241455,2.885843276977539,6.647395133972168,3.119539499282837,4.08756685256958,5.846376895904541,0.3728809058666229,0.648286759853363,-0.06065163016319275,3.055129289627075,-1.6102577447891235,-4.59182596206665,1.3369580507278442
216,4.674775123596191,10.288434982299805,3.509908676147461,10.37833309173584,9.598634719848633,8.552420616149902,6.527820587158203,8.326884269714355,-12.267580032348633,0.5440310835838318,8.51484489440918,8.796669960021973,-0.2873917818069458,14.229808807373047,10.000648498535156,6.969193935394287
217,-26.744125366210938,-10.12310791015625,-7.8411102294921875,-11.530837059020996,-4.870002269744873,-7.690480709075928,-2.7280783653259277,7.599527359008789,-10.684389114379883,-6.643635272979736,0.8825809955596924,6.640384197235107,0.7392767071723938,10.210302352905273,8.268264770507812,2.2027125358581543
218,-7.2998762130737305,-9.97246265411377,-11.374088287353516,-10.579089164733887,-5.852641582489014,-1.2585656642913818,-0.18385551869869232,13.695629119873047,-4.292745590209961,-1.1672053337097168,2.7535641193389893,10.181594848632812,4.285350799560547,-0.6554015278816223,5.3520660400390625,-0.09488227963447571
219,9.423232078552246,1.3060027360916138,2.4387307167053223,1.4173742532730103,3.999476194381714,8.005707740783691,7.549907207489014,10.768564224243164,-7.659235000610352,8.004379272460938,11.120068550109863,17.57684898376465,0.11209137737751007,-1.8964664936065674,8.198798179626465,-1.5346351861953735
220,5.126164436340332,9.238686561584473,7.735725402832031,3.962857723236084,9.0036039352417,4.659406661987305,1.0649268627166748,1.0916293859481812,-8.219015121459961,4.357334136962891,1.4198704957962036,6.450321197509766,-11.40746021270752,1.4306684732437134,7.74342155456543,-1.90742027759552
221,10.095367431640625,15.469422340393066,13.076617240905762,6.242140293121338,15.477081298828125,1.0631251335144043,-0.04762272164225578,-0.5386195182800293,-8.036986351013184,6.492773056030273,0.4206799864768982,1.3539024591445923,-13.908227920532227,10.732169151306152,11.082079887390137,9.9297513961792
222,7.428460121154785,3.7268078327178955,4.711419582366943,8.53802490234375,9.032724380493164,-7.365757942199707,-5.5708723068237305,-6.494423866271973,2.123159885406494,3.73395037651062,-2.186004161834717,-1.515550136566162,-7.702592372894287,7.7457380294799805,6.074519157409668,12.2994384765625
223,2.754622220993042,-3.858043670654297,-1.7393654584884644,7.20867919921875,-5.078250885009766,-8.469989776611328,-13.661795616149902,-11.12988567352295,1.5164421796798706,0.4090122580528259,-9.089557647705078,-8.8196439743042,-7.283512592315674,-4.97130012512207,-7.2638983726501465,0.7773327827453613
224,-12.332051277160645,-13.085700988769531,-2.4196715354919434,-2.946852445602417,-13.052587509155273,-7.412349700927734,-14.841059684753418,-11.668024063110352,0.6506481170654297,3.1745731830596924,-3.3871710300445557,-5.944212436676025,-11.87253189086914,-11.187674522399902,-13.739933013916016,-7.528336048126221
225,-13.290566444396973,-13.319862365722656,-6.317080497741699,-6.8105998039245605,-13.597315788269043,-6.605677127838135,-13.991373062133789,-12.196711540222168,0.3719014823436737,-3.301551103591919,-6.733828544616699,-6.470273017883301,-10.578712463378906,-18.569408416748047,-16.601518630981445,-12.37273120880127
226,-7.832163333892822,-2.436307668685913,-9.13880443572998,-7.451643466949463,-6.892213821411133,-5.3976521492004395,-5.554018974304199,-7.660354137420654,-1.8457947969436646,-3.2675883769989014,-7.320063591003418,-7.494166851043701,-7.554300308227539,-8.958513259887695,-10.672354698181152,-9.506519317626953
227,-13.675677299499512,-8.089518547058105,-6.5762038230896,-8.602826118469238,-2.3465211391448975,-8.914657592773438,-2.5962886810302734,-1.954172968864441,3.129608631134033,-10.994037628173828,-10.537598609924316,-14.126405715942383,9.27474594116211,2.4524593353271484,-5.512171268463135,-8.204387664794922
228,-4.239914417266846,1.7268340587615967,-6.413075923919678,0.9968201518058777,4.473833084106445,2.7613892555236816,1.0991085767745972,6.537614345550537,18.28953742980957,-10.503990173339844,-8.523796081542969,-7.826038837432861,20.316570281982422,9.506292343139648,0.3272783160209656,2.679431438446045
229,7.853447914123535,4.726494789123535,1.8037457466125488,2.591724157333374,7.853243350982666,10.679649353027344,11.950301170349121,12.276568412780762,-1.4293938875198364,9.121402740478516,12.673636436462402,14.45516300201416,19.23470115661621,19.21487808227539,11.411520957946777,15.589506149291992
230,1.0586638450622559,-9.676732063293457,-6.675442218780518,-4.595763206481934,-4.031177997589111,0.5200750827789307,8.298563003540039,3.2017228603363037,2.3482112884521484,2.4563682079315186,6.818457126617432,5.612421989440918,20.610448837280273,-0.07931245863437653,2.399116039276123,-0.9608047604560852
231,-6.870495796203613,-4.185815334320068,-4.33209753036499,-2.564178466796875,-9.272285461425781,-3.2050015926361084,6.495666027069092,-1.820959448814392,0.9992051720619202,-1.688541054725647,-2.3343231678009033,-3.4021010398864746,15.34872817993164,-12.619248390197754,-5.553065776824951,-7.257610321044922
232,-2.067866325378418,4.159245491027832,4.098720073699951,-5.763075828552246,-5.783808708190918,-1.9349462985992432,3.491239547729492,-0.3134046792984009,12.368788719177246,0.788547694683075,-3.31664776802063,3.0526180267333984,14.555047035217285,-7.79752254486084,-0.5673145651817322,-3.6746938228607178
233,14.865273475646973,14.65820598602295,5.253078460693359,2.121373414993286,4.88663911819458,11.144902229309082,2.340090751647949,4.129364490509033,13.075640678405762,-2.7347304821014404,-1.776095986366272,0.09999685734510422,19.641122817993164,-3.097565174102783,5.16796350479126,-5.645394802093506
234,17.222881317138672,15.12747859954834,11.32861328125,6.964205265045166,11.531205177307129,18.24123764038086,13.291133880615234,11.390040397644043,0.6294378042221069,10.757533073425293,12.730588912963867,7.5640177726745605,10.628778457641602,13.5725679397583,11.026143074035645,5.180359363555908
235,17.222881317138672,15.12747859954834,11.32861328125,6.964205265045166,11.531205177307129,18.24123764038086,13.291133880615234,11.390040397644043,0.6294378042221069,10.757533073425293,12.730588912963867,7.5640177726745605,10.628778457641602,13.5725679397583,11.026143074035645,5.180359363555908
236,-4.004075050354004,-2.8586199283599854,7.586264610290527,-6.790313243865967,2.6476664543151855,3.5898778438568115,10.986863136291504,5.806970119476318,-9.067469596862793,8.154452323913574,5.213782787322998,8.899430274963379,8.004073143005371,10.708277702331543,2.5204660892486572,3.4172139167785645
237,-0.33682531118392944,1.8610273599624634,1.860203504562378,5.4620890617370605,3.3505516052246094,2.6476786136627197,3.365252733230591,1.341274619102478,0.7716603875160217,-4.286760330200195,-2.554481029510498,1.8273347616195679,5.969707489013672,-4.6608567237854,-8.16525936126709,0.7902214527130127
238,18.93965721130371,9.510103225708008,5.6097493171691895,16.47566795349121,12.108917236328125,5.091103553771973,0.9365367293357849,2.893091917037964,-19.293569564819336,9.772178649902344,9.248852729797363,7.9440598487854,-10.88586139678955,2.0074551105499268,1.2052569389343262,18.61117172241211
239,-5.371429920196533,-18.12537384033203,-10.972749710083008,-13.984135627746582,-4.356295108795166,-21.419233322143555,-16.53300666809082,-9.326277732849121,-17.668689727783203,4.722693920135498,-2.8347740173339844,5.956295013427734,-18.645322799682617,1.3835201263427734,-1.5241650342941284,7.80814266204834
240,-21.841028213500977,-27.49892807006836,-25.703889846801758,-27.911142349243164,-17.86894989013672,-33.242374420166016,-26.037988662719727,-20.132076263427734,-3.895023822784424,-14.422830581665039,-21.75887680053711,-10.10342025756836,-17.063806533813477,-11.580329895019531,-13.793632507324219,-14.89974308013916
241,-8.773945808410645,-5.715425968170166,-9.537932395935059,-10.742142677307129,-9.27912425994873,-10.065013885498047,-13.640827178955078,-15.47307300567627,-3.0766820907592773,-4.475019454956055,-9.960559844970703,-16.186574935913086,-25.0264892578125,-11.266205787658691,-5.894073009490967,-12.788071632385254
242,-2.2046101093292236,7.801886558532715,4.43453311920166,1.149688959121704,-5.232947826385498,8.110339164733887,-9.152271270751953,-8.552279472351074,-1.7454930543899536,-2.116584539413452,-2.5435869693756104,-15.072834014892578,-18.708715438842773,-11.317337036132812,-2.719395875930786,-13.822546005249023
243,3.2254035472869873,9.369834899902344,11.478723526000977,7.96767520904541,-2.763089179992676,10.52481460571289,-8.343101501464844,-1.3227401971817017,-0.11141711473464966,-2.718170166015625,-0.29658937454223633,-6.1150803565979,-13.746328353881836,-11.98845386505127,-3.7701597213745117,-5.885869026184082
244,2.0008504390716553,-1.391101360321045,10.780548095703125,4.8937296867370605,-1.2436091899871826,5.432929515838623,-0.6600577235221863,3.5842502117156982,-7.030961513519287,0.042578887194395065,5.8232340812683105,0.951127827167511,-9.969097137451172,-4.632391452789307,0.9633451700210571,0.8410835266113281
245,18.936195373535156,23.80946922302246,26.827205657958984,26.729297637939453,23.815156936645508,20.5835018157959,25.092052459716797,25.192628860473633,5.945805072784424,13.036377906799316,19.97576332092285,20.529569625854492,24.540904998779297,25.123035430908203,19.922216415405273,13.59770679473877
246,8.642899513244629,15.731329917907715,26.296363830566406,28.47216796875,28.819791793823242,17.071428298950195,31.297039031982422,24.307340621948242,10.661666870117188,15.74146842956543,25.50691795349121,24.183786392211914,33.65156173706055,42.97148132324219,34.137752532958984,26.186689376831055
247,0.3487280607223511,6.632075786590576,9.5777587890625,13.921818733215332,11.964282035827637,8.821895599365234,17.326570510864258,3.37558650970459,19.14351463317871,-0.7077126502990723,8.114006042480469,3.5807929039001465,34.31174087524414,25.86545181274414,14.004322052001953,13.564146041870117
248,-4.1933465003967285,-9.050651550292969,-2.981968641281128,-2.646230697631836,-9.81263256072998,-5.460013389587402,2.318307876586914,-16.438190460205078,1.7153167724609375,-11.579302787780762,-7.989816665649414,-14.029881477355957,9.506718635559082,-3.724113941192627,-13.658438682556152,-2.1031911373138428
249,-12.242288589477539,-20.111967086791992,-19.088306427001953,-19.208040237426758,-23.52794647216797,-18.146648406982422,-10.91273021697998,-23.120349884033203,-3.6772358417510986,-17.12471580505371,-20.670621871948242,-23.18035888671875,-4.911047458648682,-25.696836471557617,-26.004497528076172,-13.564149856567383
250,-14.59310531616211,-14.285070419311523,-25.56560516357422,-24.391754150390625,-27.081466674804688,-19.80171775817871,-21.319869995117188,-18.456544876098633,1.7964094877243042,-18.218400955200195,-25.376253128051758,-22.91059112548828,-1.8372355699539185,-31.678150177001953,-28.936071395874023,-21.90711784362793
251,-6.970958232879639,-4.484280586242676,-24.727880477905273,-19.78923988342285,-21.730361938476562,-13.645862579345703,-20.47083854675293,-7.725791931152344,10.61589241027832,-10.959787368774414,-17.848817825317383,-12.315728187561035,1.4846497774124146,-17.759124755859375,-19.710786819458008,-17.465444564819336
252,-1.3356049060821533,1.2835211753845215,-12.841734886169434,-11.974159240722656,-7.07843542098999,-3.649979591369629,-12.276554107666016,3.1267316341400146,7.118201732635498,1.0168261528015137,-5.888872146606445,1.5887024402618408,5.919350624084473,-1.494780421257019,-7.169700622558594,-9.64865493774414
253,4.217972755432129,-1.1006956100463867,-6.312501907348633,-3.6200313568115234,4.97817325592041,2.3284149169921875,-4.020717620849609,7.794702529907227,1.8585323095321655,17.75338363647461,13.680709838867188,12.083222389221191,-3.3728883266448975,6.7711873054504395,3.9001166820526123,1.4842925071716309
254,14.031778335571289,1.9634969234466553,-1.1259593963623047,8.527944564819336,13.860361099243164,7.568692684173584,7.439548015594482,6.587870121002197,-13.348196983337402,20.65669059753418,19.279277801513672,11.22748851776123,-11.769865036010742,7.876321792602539,12.350975036621094,11.408061027526855
255,5.218540191650391,-1.4218544960021973,-2.3169126510620117,5.303318500518799,5.628842830657959,-3.4060142040252686,1.828037142753601,2.7154107093811035,11.309677124023438,-4.954951286315918,-6.611209392547607,0.39757078886032104,5.70615291595459,-2.0263149738311768,5.8202900886535645,2.883328914642334
256,-0.38088515400886536,5.119862079620361,-2.41652774810791,10.142245292663574,10.71104621887207,5.752562999725342,5.180339813232422,3.0422351360321045,3.4100208282470703,-4.806701183319092,-7.416944980621338,6.661204814910889,4.877625942230225,4.895418643951416,0.8148223161697388,4.633591175079346
257,-0.871900737285614,10.50666618347168,4.187531471252441,1.1759648323059082,-0.8552390336990356,10.589067459106445,0.22912859916687012,1.6128641366958618,0.9430884122848511,-0.43537309765815735,2.1419076919555664,9.436302185058594,1.0307060480117798,2.302356481552124,-1.4729259014129639,0.7715040445327759
258,2.9859743118286133,-4.549417495727539,6.461552619934082,-10.478954315185547,-8.647316932678223,-0.49346601963043213,-8.78001594543457,-3.303448438644409,-1.2845772504806519,0.897689163684845,5.741827487945557,0.12654703855514526,3.143883228302002,-10.726719856262207,-6.323121070861816,-11.430062294006348
259,-12.396446228027344,-16.25446319580078,-5.88839054107666,-9.511486053466797,-11.94068717956543,-15.252476692199707,-14.901912689208984,-10.165461540222168,9.874753952026367,-5.914644718170166,-4.769377708435059,-10.271550178527832,2.6938438415527344,-16.67660903930664,-15.933493614196777,-20.609317779541016
260,2.9859743118286133,-4.549417495727539,6.461552619934082,-10.478954315185547,-8.647316932678223,-0.49346601963043213,-8.78001594543457,-3.303448438644409,-1.2845772504806519,0.897689163684845,5.741827487945557,0.12654703855514526,3.143883228302002,-10.726719856262207,-6.323121070861816,-11.430062294006348
261,-12.396446228027344,-16.25446319580078,-5.88839054107666,-9.511486053466797,-11.94068717956543,-15.252476692199707,-14.901912689208984,-10.165461540222168,9.874753952026367,-5.914644718170166,-4.769377708435059,-10.271550178527832,2.6938438415527344,-16.67660903930664,-15.933493614196777,-20.609317779541016
262,-13.623714447021484,-12.98051929473877,-13.459257125854492,-1.7392317056655884,-4.6395649909973145,-11.139837265014648,-9.372603416442871,-13.701725959777832,6.478097915649414,-6.601994514465332,-11.711493492126465,-14.494760513305664,-3.3445284366607666,-13.870957374572754,-17.472999572753906,-15.950648307800293
263,2.5225484371185303,-2.5450778007507324,-3.044938564300537,3.0331928730010986,7.870382785797119,-0.8867899179458618,-1.7395830154418945,-8.813674926757812,4.676265239715576,3.582613468170166,-9.076299667358398,-13.986177444458008,-10.564403533935547,-3.7197680473327637,-9.425594329833984,-6.936777114868164
264,-5.718013286590576,1.1067191362380981,-0.9077367782592773,-6.329222679138184,7.993443965911865,1.7311172485351562,3.185943365097046,0.47274714708328247,-5.02341365814209,14.1275053024292,-0.7458716630935669,-6.531224727630615,-15.51928997039795,12.585348129272461,5.278927803039551,3.4582738876342773
265,-5.718013286590576,1.1067191362380981,-0.9077367782592773,-6.329222679138184,7.993443965911865,1.7311172485351562,3.185943365097046,0.47274714708328247,-5.02341365814209,14.1275053024292,-0.7458716630935669,-6.531224727630615,-15.51928997039795,12.585348129272461,5.278927803039551,3.4582738876342773
266,-7.652307987213135,-5.283608913421631,-2.640720844268799,-6.527310848236084,3.528357982635498,0.3692750334739685,4.860777378082275,6.8750319480896,1.7477887868881226,10.960111618041992,0.3492450714111328,-0.9450418949127197,-10.223770141601562,15.154742240905762,9.695181846618652,8.851202011108398
267,1.4472665786743164,2.995911121368408,4.344566345214844,5.902796268463135,3.432178258895874,4.472543716430664,5.543898582458496,10.637956619262695,7.42821741104126,12.529327392578125,6.025907516479492,4.631946086883545,-4.5135626792907715,13.26848316192627,10.043598175048828,11.20052719116211
268,-4.271085262298584,13.578266143798828,10.528221130371094,6.667254447937012,1.66938054561615,8.72922134399414,7.619194030761719,10.473907470703125,2.0875844955444336,19.515865325927734,13.755061149597168,14.485498428344727,-3.7814106941223145,16.50948715209961,14.063660621643066,17.330718994140625
269,8.505890846252441,14.656740188598633,8.167913436889648,8.48281192779541,-0.7983044385910034,8.21666145324707,7.263546466827393,8.0609712600708,-3.8782289028167725,10.726154327392578,1.105347752571106,5.61450719833374,-5.8852643966674805,15.155977249145508,9.049400329589844,9.471207618713379
270,15.975014686584473,9.778162956237793,2.897207260131836,3.441236972808838,-9.7428560256958,0.7090516090393066,3.49651837348938,3.930107593536377,-5.524232387542725,-0.4089582860469818,-12.29399585723877,-4.534744739532471,-6.350549697875977,11.588295936584473,0.9183610677719116,-0.8498732447624207
271,10.51444149017334,3.0467007160186768,-5.804824352264404,-4.411967754364014,-10.406746864318848,-5.7472758293151855,2.3486640453338623,-1.0997978448867798,-0.3770810663700104,-4.4838151931762695,-14.032608032226562,-5.520903587341309,-3.7934868335723877,2.1332497596740723,-5.23289155960083,0.6108185052871704
272,12.085466384887695,3.5134437084198,-6.47902250289917,-7.294658660888672,-1.2106162309646606,-5.070799350738525,-3.878937244415283,-4.277467727661133,-2.351921558380127,-6.0985870361328125,-13.056295394897461,-7.308238506317139,-8.381011962890625,-2.118136405944824,-6.153197765350342,-0.48580682277679443
273,3.482842445373535,1.567307472229004,-5.698343276977539,-3.3755741119384766,1.8307121992111206,0.11792661994695663,-2.5795321464538574,-2.536372423171997,-3.271536111831665,-1.2187508344650269,-6.106812000274658,2.0364296436309814,-15.791276931762695,3.8640453815460205,3.0705418586730957,3.233386516571045
274,-10.109808921813965,-4.346470355987549,2.1917924880981445,6.648733139038086,4.009129047393799,4.6135969161987305,9.291668891906738,4.9009575843811035,-6.497689723968506,4.662311553955078,4.038926601409912,11.636693000793457,-17.092975616455078,2.4548587799072266,5.4327216148376465,5.338172912597656
275,-10.058290481567383,-2.111065149307251,-0.23768337070941925,1.1552951335906982,-0.3010298013687134,3.3447089195251465,0.24143938720226288,2.4625167846679688,2.834498167037964,-2.4911608695983887,4.908375263214111,7.764503479003906,-10.97435474395752,-4.928774356842041,-3.3331079483032227,-3.9493610858917236
276,-5.964822292327881,-2.301694869995117,-1.2131998538970947,-4.502091884613037,-1.7792950868606567,-2.521104335784912,-4.950137138366699,-4.280583381652832,-2.093557596206665,-7.50343132019043,2.5623934268951416,-2.217071056365967,-2.5953621864318848,-5.581202507019043,-6.15470552444458,-4.907637119293213
277,-10.771056175231934,-7.519364833831787,-6.019962310791016,-5.380508899688721,3.7047133445739746,-6.138397693634033,-1.532610297203064,-7.2600579261779785,5.020117282867432,-14.858338356018066,-3.3099241256713867,-12.007085800170898,1.7823007106781006,-4.004288673400879,-4.791071891784668,-6.364870548248291
278,-5.096569061279297,-13.293130874633789,-9.263836860656738,-8.826990127563477,6.024548053741455,-7.228537082672119,-4.669352054595947,-8.219990730285645,-2.364675283432007,-15.736352920532227,-4.615006446838379,-9.565046310424805,-2.3838419914245605,-2.132553815841675,1.3536376953125,-2.3464272022247314
279,0.5674516558647156,-14.332850456237793,-12.681341171264648,-7.171889781951904,5.521385192871094,-9.001429557800293,-8.340025901794434,-7.850292682647705,-10.296565055847168,-7.962791442871094,0.27211302518844604,-4.160739898681641,-12.712129592895508,-2.961346387863159,4.549105167388916,3.5850820541381836
280,-0.8060649037361145,-10.310030937194824,-7.0393967628479,-6.003006935119629,-1.5639064311981201,-8.249638557434082,-8.126522064208984,-9.382323265075684,-13.085973739624023,-8.156852722167969,4.355665683746338,-3.7730414867401123,-9.560952186584473,-5.694267749786377,-0.8037412166595459,-5.05208683013916
281,-7.611492156982422,-9.53583812713623,-4.677831172943115,-9.150738716125488,-11.259510040283203,-8.639350891113281,-8.308553695678711,-12.03233528137207,2.6061880588531494,-10.99101734161377,0.9552838206291199,-7.464262962341309,-1.648725986480713,-13.837081909179688,-10.520758628845215,-12.347807884216309
282,2.4262876510620117,7.1483964920043945,6.292222023010254,9.315792083740234,0.5249748826026917,7.865421772003174,1.6142903566360474,-0.6234167218208313,0.23339156806468964,-6.830765724182129,0.4997800588607788,-10.12489128112793,-1.3798938989639282,-14.012638092041016,-12.560098648071289,-10.346495628356934
283,8.26933479309082,10.30900764465332,15.761173248291016,14.905317306518555,0.6776880025863647,14.216989517211914,11.487359046936035,11.10441780090332,2.1530871391296387,2.127673864364624,9.731420516967773,3.130255937576294,2.4480464458465576,0.6755292415618896,-3.4412243366241455,-8.781124114990234
284,-0.1924518495798111,-0.507611095905304,14.229052543640137,4.862723350524902,-7.64234733581543,3.4318490028381348,10.827546119689941,10.214982032775879,4.599293231964111,0.2123831957578659,8.80508804321289,10.077006340026855,10.661653518676758,-0.24739128351211548,-3.2882094383239746,-10.360406875610352
285,14.616466522216797,12.857217788696289,13.54307746887207,5.657614707946777,1.4537863731384277,8.717679977416992,9.283181190490723,10.580716133117676,14.411517143249512,4.031970500946045,8.722851753234863,12.146188735961914,9.527470588684082,-0.41530510783195496,-1.1480599641799927,-1.4622225761413574
286,15.895676612854004,9.171109199523926,5.110763072967529,0.25712621212005615,3.6611201763153076,4.26865291595459,2.442884922027588,7.9557881355285645,-0.676737904548645,13.075176239013672,10.469752311706543,17.24000358581543,9.460722923278809,9.051095962524414,11.03559398651123,9.991040229797363
287,-7.423608303070068,-9.97531795501709,-6.214853763580322,-2.9806067943573,4.412357330322266,-9.895246505737305,-6.419951915740967,0.4641878604888916,1.8311171531677246,2.801844835281372,-5.1492919921875,7.470146656036377,4.636093616485596,3.087924003601074,9.870573043823242,8.93281364440918
288,-10.444788932800293,-2.7520196437835693,-3.729907989501953,-0.35381484031677246,10.042448997497559,-5.870940208435059,-2.418137788772583,-1.8279879093170166,-1.9678950309753418,-5.052035808563232,-12.334686279296875,-3.483037233352661,-2.64398193359375,1.6303813457489014,8.310606956481934,10.230956077575684
289,-2.7659831047058105,8.118017196655273,7.609655380249023,7.174241065979004,6.770480632781982,4.586003303527832,3.8852181434631348,1.4060145616531372,-3.803257703781128,-7.274433135986328,-7.076766014099121,-6.410039901733398,1.552600622177124,4.912741184234619,10.93924331665039,13.473496437072754
290,-2.9052329063415527,6.151435375213623,9.328749656677246,9.597638130187988,2.1309256553649902,5.013609886169434,-1.5634095668792725,1.5694729089736938,0.7117414474487305,-13.086792945861816,-9.978076934814453,-7.534040927886963,12.320890426635742,3.0901095867156982,8.62177562713623,10.728837966918945
291,-2.899801015853882,1.8095778226852417,3.1805224418640137,-0.026322295889258385,0.5097806453704834,1.3800078630447388,-4.131804466247559,2.3173234462738037,0.41032424569129944,-7.360093116760254,-8.423295974731445,-2.552133321762085,18.013938903808594,2.3785560131073,9.6250638961792,6.564726829528809
292,1.7347034215927124,-5.164793014526367,-6.021576404571533,-2.540816068649292,-0.7617793679237366,1.3669822216033936,-0.37473997473716736,2.589296579360962,-5.316580295562744,4.233868598937988,3.7180700302124023,6.510380744934082,20.46330451965332,-0.9178837537765503,9.774012565612793,7.289994239807129
293,2.6571877002716064,-5.81074333190918,-6.325141906738281,-2.7469046115875244,-4.094454765319824,-0.2040206789970398,-3.2779746055603027,-1.733111023902893,-9.375016212463379,12.303749084472656,10.698415756225586,12.787836074829102,13.591127395629883,-4.691408157348633,0.8947792053222656,0.4949522316455841
294,-0.760282039642334,-2.1186366081237793,-3.6019442081451416,-6.085402011871338,-15.318443298339844,-2.7486746311187744,-8.396170616149902,-6.508694171905518,-5.99203634262085,7.1680474281311035,4.36428689956665,0.05339190363883972,6.514854431152344,-13.792147636413574,-13.943831443786621,-15.718245506286621
295,0.2440272718667984,3.900114059448242,-4.773867607116699,0.7388242483139038,-12.674778938293457,0.6488956809043884,-3.9650096893310547,-9.296070098876953,1.0965734720230103,-1.8357280492782593,-1.7172600030899048,-14.350724220275879,1.5958410501480103,-21.549266815185547,-25.698932647705078,-17.332435607910156
296,5.210377216339111,4.969055652618408,-3.7807912826538086,3.1544625759124756,0.3455551266670227,4.103957176208496,3.9371306896209717,-7.779689788818359,-10.351036071777344,5.116996765136719,3.7162492275238037,-7.6699113845825195,-17.503868103027344,-12.777146339416504,-16.5399112701416,-5.213996410369873
297,4.565884113311768,-6.817837238311768,1.8853622674942017,-8.404369354248047,-2.6085703372955322,-0.2803739607334137,2.15152645111084,-4.29423713684082,-19.354917526245117,3.0253663063049316,5.612843990325928,3.2891108989715576,-24.800861358642578,-10.23388957977295,-8.136739730834961,1.0182336568832397
298,-1.9490692615509033,-8.241884231567383,-5.133700370788574,-9.277862548828125,-5.858199119567871,-2.5355727672576904,-6.305944919586182,-0.12231031060218811,6.914416790008545,-12.786035537719727,-2.7130117416381836,4.290642738342285,-10.156874656677246,-15.841672897338867,-13.71908950805664,-1.2897683382034302
299,-1.0853806734085083,0.27521735429763794,5.894646167755127,2.7963719367980957,4.368916988372803,2.9828920364379883,2.595161199569702,8.118926048278809,2.9018354415893555,-4.219533920288086,8.189172744750977,11.146303176879883,-6.138514518737793,-0.05486210808157921,-3.1183736324310303,3.1027839183807373
300,-1.2441450357437134,2.6849114894866943,7.122283458709717,8.369297981262207,14.250893592834473,5.773094654083252,15.767292976379395,9.52507495880127,-0.16818177700042725,0.647769570350647,13.130081176757812,12.694635391235352,-1.5842468738555908,15.884557723999023,13.988953590393066,7.368895530700684
301,-6.447941303253174,0.8715503811836243,3.4510586261749268,12.048741340637207,19.058868408203125,6.113603591918945,18.92747688293457,8.033585548400879,3.8590312004089355,-4.734123229980469,3.467982530593872,2.294440269470215,10.203725814819336,18.22398567199707,20.7159423828125,6.516027927398682
302,-2.996246099472046,0.014335100539028645,0.12763072550296783,6.724822044372559,12.234238624572754,3.1064915657043457,13.525010108947754,5.904836654663086,7.4644670486450195,-2.8288791179656982,4.073633670806885,0.7528180480003357,8.788966178894043,19.759475708007812,19.57534408569336,4.977026462554932
303,-2.017890691757202,-4.228316783905029,-3.5306451320648193,-2.7042770385742188,1.1578158140182495,-2.5411951541900635,0.1824483722448349,-3.452211856842041,-0.41760143637657166,-5.3118743896484375,-0.9814468622207642,-4.245604991912842,5.114954471588135,9.723947525024414,7.655815601348877,-2.565767288208008
304,-1.9177069664001465,-6.903604507446289,-0.8238939642906189,-7.939235210418701,-9.728925704956055,-8.088382720947266,-11.315733909606934,-10.982677459716797,3.4260270595550537,-0.8487548232078552,-6.63369607925415,-12.187287330627441,1.6025490760803223,-4.2472944259643555,-4.376315593719482,-11.659313201904297
305,1.3023889064788818,3.546874761581421,1.3765010833740234,-4.329503536224365,-9.107582092285156,0.01529152411967516,-1.879467487335205,0.28094616532325745,9.771352767944336,5.360702991485596,1.6780236959457397,-0.23941856622695923,-4.594326496124268,-11.22676944732666,-14.56651782989502,-13.525815963745117
306,-7.497416973114014,-7.442276954650879,-4.26639986038208,-2.9594779014587402,-4.38151741027832,-4.065283298492432,-0.38599416613578796,-0.1635705977678299,2.343860387802124,11.690023422241211,4.905616283416748,4.988467216491699,-4.805895805358887,-6.391848087310791,-9.246988296508789,-11.885875701904297
307,-3.901970624923706,-2.0266225337982178,-7.154327392578125,1.3119429349899292,-0.3789675235748291,-3.2156035900115967,-3.5500895977020264,-0.07540163397789001,11.694494247436523,6.753104209899902,-4.315546989440918,-0.30000051856040955,-3.9065821170806885,-9.441425323486328,-2.6149215698242188,-7.5926313400268555
308,3.2596993446350098,0.5792927742004395,-3.487576961517334,4.170498371124268,9.123363494873047,4.550886631011963,-1.6138293743133545,1.3679020404815674,6.912553310394287,8.605694770812988,-1.386170506477356,0.6508398652076721,0.015770792961120605,5.504246711730957,14.831133842468262,11.99023151397705
309,8.012618064880371,6.882525444030762,0.012498011812567711,1.408267855644226,8.651691436767578,9.739017486572266,2.9435763359069824,4.200135707855225,3.7433440685272217,9.619954109191895,3.9350638389587402,4.445076942443848,2.8587403297424316,16.592575073242188,21.113964080810547,16.181840896606445
310,-2.78505539894104,1.7292343378067017,2.1351144313812256,-0.06487355381250381,-10.140406608581543,0.3237254321575165,-6.158590316772461,1.7607619762420654,6.303240776062012,-10.266607284545898,-5.6598381996154785,1.4685673713684082,4.330692768096924,-6.238083362579346,-2.3104748725891113,1.3423978090286255
311,1.8976994752883911,9.313435554504395,10.445080757141113,8.304715156555176,1.0307461023330688,6.012326717376709,8.413667678833008,5.361934661865234,-3.3814845085144043,-9.383296012878418,-0.839356005191803,1.9763845205307007,5.15507173538208,-2.494800090789795,0.7737352848052979,3.5081403255462646
312,2.234170913696289,6.875757694244385,13.28232192993164,6.822308540344238,5.173914909362793,7.420566082000732,9.886828422546387,8.324201583862305,-4.417680263519287,-5.5516743659973145,0.2418321967124939,6.943451881408691,10.184554100036621,5.588629722595215,6.346234321594238,5.408027648925781
313,4.464926719665527,6.753976345062256,9.944366455078125,5.132200717926025,5.172759056091309,7.810662746429443,-0.4230227470397949,6.6442437171936035,-6.031468391418457,3.5547451972961426,9.57756519317627,9.500161170959473,9.48355484008789,9.083483695983887,10.746315002441406,7.25748872756958
314,15.369000434875488,8.812369346618652,10.15203857421875,5.575533390045166,8.023777961730957,7.409024715423584,3.804661989212036,3.253120183944702,-11.577043533325195,13.148940086364746,17.790742874145508,4.659073829650879,-1.813920497894287,5.390330791473389,10.266423225402832,13.58718490600586
315,2.234170913696289,6.875757694244385,13.28232192993164,6.822308540344238,5.173914909362793,7.420566082000732,9.886828422546387,8.324201583862305,-4.417680263519287,-5.5516743659973145,0.2418321967124939,6.943451881408691,10.184554100036621,5.588629722595215,6.346234321594238,5.408027648925781
316,4.464926719665527,6.753976345062256,9.944366455078125,5.132200717926025,5.172759056091309,7.810662746429443,-0.4230227470397949,6.6442437171936035,-6.031468391418457,3.5547451972961426,9.57756519317627,9.500161170959473,9.48355484008789,9.083483695983887,10.746315002441406,7.25748872756958
317,15.369000434875488,8.812369346618652,10.15203857421875,5.575533390045166,8.023777961730957,7.409024715423584,3.804661989212036,3.253120183944702,-11.577043533325195,13.148940086364746,17.790742874145508,4.659073829650879,-1.813920497894287,5.390330791473389,10.266423225402832,13.58718490600586
318,1.451720118522644,2.820737361907959,-0.16918350756168365,5.5126447677612305,4.50142240524292,0.21883134543895721,2.9974560737609863,-0.6207053065299988,-9.285243034362793,11.6964111328125,12.919722557067871,0.03789254277944565,-6.740299224853516,3.9489855766296387,3.0664405822753906,9.627645492553711
319,-13.325217247009277,-8.694157600402832,-9.54257869720459,2.2598438262939453,-4.981042861938477,-11.189621925354004,-8.757820129394531,-8.128487586975098,-8.599308967590332,-1.0799163579940796,-4.169926643371582,-8.591203689575195,-9.356291770935059,-1.3848376274108887,-9.6129789352417,-5.620297908782959
320,8.701079368591309,0.7474178075790405,-7.454792499542236,0.07864364981651306,3.914630651473999,-3.6244781017303467,-3.461883068084717,-2.559354066848755,-20.155536651611328,1.1885967254638672,-1.0013049840927124,-8.22417163848877,-14.556574821472168,-5.275766372680664,-4.671530723571777,-5.910818099975586
321,-1.4393696784973145,-0.5211594700813293,-3.582634687423706,0.05394316092133522,10.522200584411621,-4.919924259185791,2.6119818687438965,1.6126089096069336,-18.827302932739258,5.716368198394775,5.665180206298828,6.2451887130737305,-13.549432754516602,8.857014656066895,5.107636451721191,8.830351829528809
322,-8.311532020568848,-7.930591583251953,-0.4213755428791046,0.5042926669120789,3.3760342597961426,-7.755344390869141,3.303189754486084,0.24252091348171234,-7.087441444396973,-2.52211332321167,1.0830504894256592,5.580814361572266,-1.0116790533065796,5.149957180023193,4.085243225097656,0.07026059925556183
323,-13.206884384155273,-14.493213653564453,-3.625861406326294,-5.192093372344971,2.3902032375335693,-8.882180213928223,-1.05965256690979,-3.779191255569458,6.400416374206543,-2.7271721363067627,-0.44044986367225647,0.38856127858161926,7.150966644287109,1.454904556274414,-1.347917079925537,-1.2194197177886963
324,-14.355860710144043,-13.542643547058105,-9.170748710632324,-13.467119216918945,-3.3823976516723633,-12.085330963134766,-9.096036911010742,-9.328984260559082,9.280468940734863,-7.618199825286865,-11.435056686401367,-7.973649978637695,5.810503959655762,-10.792218208312988,-10.598064422607422,1.215850830078125
325,3.525752067565918,-1.918341875076294,-7.2968645095825195,-7.6624436378479,-5.354678630828857,-2.933396577835083,-7.9849042892456055,-6.487054347991943,23.032899856567383,-8.804856300354004,-12.98391342163086,-11.647295951843262,0.15045835077762604,-19.24761199951172,-18.05963897705078,-6.100584983825684
326,5.238193511962891,2.4518799781799316,1.7830003499984741,-5.790714740753174,-4.244011402130127,2.1280014514923096,0.887391209602356,-3.176637649536133,18.426822662353516,-1.7475894689559937,-2.0140669345855713,-4.087003231048584,-3.3121726512908936,-7.75201416015625,-8.67734432220459,-1.9263067245483398
327,-5.5545430183410645,7.472580432891846,-4.5968403816223145,-8.3323335647583,-11.9873685836792,2.3738553524017334,-1.6283721923828125,-3.7612948417663574,25.869491577148438,-10.170358657836914,-8.014630317687988,-3.068617105484009,-1.4080228805541992,-8.804831504821777,-8.841601371765137,-10.049321174621582
328,7.923581123352051,15.9202241897583,-0.5625036954879761,5.076334476470947,-4.175609111785889,12.107046127319336,5.877678871154785,3.520260810852051,11.099495887756348,-4.839601039886475,-2.646636724472046,0.3334381878376007,-5.27434778213501,0.08312864601612091,-7.97884464263916,-3.9131224155426025
329,10.816984176635742,10.474618911743164,3.0993313789367676,9.88291072845459,4.516869068145752,12.617490768432617,9.537920951843262,8.055908203125,-4.872541904449463,5.3285908699035645,7.6647114753723145,4.843477725982666,-14.91054916381836,11.869560241699219,4.6725897789001465,7.940107822418213
330,1.5419824123382568,2.371163845062256,1.4854354858398438,4.3841657638549805,4.413265705108643,4.253924369812012,0.5280935764312744,7.083307266235352,-10.731584548950195,3.3494315147399902,2.7730350494384766,4.796060562133789,-9.60114574432373,8.351255416870117,7.567740440368652,-0.10223162919282913
331,-5.247095584869385,-9.372425079345703,-6.741499900817871,-2.5460031032562256,1.9687385559082031,-9.713829040527344,-4.10915994644165,0.5228511095046997,4.938497543334961,-4.485130310058594,-9.053792953491211,1.5853363275527954,1.5944318771362305,3.0958893299102783,2.534435987472534,-1.2896183729171753
332,-1.9126800298690796,-3.232738494873047,-3.598881721496582,0.32684972882270813,5.088829040527344,-5.961512088775635,-0.44135355949401855,-1.852698802947998,-5.127763271331787,-0.7920904159545898,-7.537807464599609,2.401005983352661,3.699906349182129,4.977316379547119,8.263717651367188,5.706958770751953
333,-4.369491100311279,7.167508125305176,1.1356908082962036,-1.393941879272461,4.582670211791992,0.9806553721427917,0.7176828384399414,3.774446725845337,-8.118362426757812,9.581976890563965,4.561081886291504,16.130998611450195,9.808430671691895,10.89945125579834,14.911125183105469,6.230817794799805
334,-4.157581806182861,-6.363413333892822,0.24462974071502686,-6.836765289306641,0.334307998418808,-2.168755531311035,0.9348713159561157,5.021729946136475,-8.086368560791016,8.31325912475586,6.503667831420898,17.163867950439453,21.33928108215332,5.284130573272705,10.963946342468262,3.9240527153015137
335,-3.7913382053375244,-15.572745323181152,-2.9352076053619385,-10.239423751831055,-11.35823917388916,-9.643924713134766,-3.8497982025146484,-2.1613047122955322,-1.5777919292449951,0.6858587861061096,-3.4993295669555664,3.887193441390991,21.466428756713867,-3.286254644393921,1.0943577289581299,-1.2906489372253418
336,-3.5772509574890137,-6.771210670471191,-3.1768312454223633,-9.395010948181152,-15.601980209350586,-12.819574356079102,-11.56717300415039,-9.295916557312012,1.5864945650100708,-12.119240760803223,-16.34726333618164,-17.41639518737793,23.134138107299805,-13.335153579711914,-11.957290649414062,-11.166055679321289
337,0.1540077030658722,-1.639293909072876,7.463331699371338,3.0163075923919678,-2.3549790382385254,1.1001145839691162,-0.8046992421150208,-5.391510486602783,2.965430498123169,-9.783294677734375,-7.415431976318359,-21.885215759277344,16.41319465637207,-9.621728897094727,-14.667920112609863,-6.193133354187012
338,-9.085533142089844,-7.968997478485107,3.5349931716918945,-2.1252005100250244,-3.147554874420166,2.7842490673065186,2.3016836643218994,-0.5130240321159363,2.9780592918395996,-6.848817825317383,3.2036447525024414,-7.140240669250488,8.198931694030762,1.2068970203399658,-8.43842887878418,-2.105705976486206
339,1.689281940460205,8.842095375061035,5.124644756317139,4.634856224060059,5.624443054199219,11.44933795928955,1.507827639579773,5.5083513259887695,16.910247802734375,-2.499765634536743,8.997577667236328,-0.06318129599094391,4.614447116851807,-3.8342745304107666,-3.5265963077545166,0.4207969009876251
340,14.590860366821289,18.381528854370117,15.312944412231445,16.71146011352539,15.745016098022461,20.101818084716797,14.464029312133789,12.23280143737793,5.403478145599365,11.618772506713867,20.63725471496582,10.476590156555176,-2.321009874343872,4.71756649017334,5.774877071380615,11.789584159851074
341,5.018188953399658,6.126338005065918,14.64376163482666,6.88744592666626,9.355547904968262,11.489287376403809,15.44349193572998,10.338520050048828,2.1857168674468994,9.357126235961914,13.922650337219238,11.176383972167969,-1.9283902645111084,9.858699798583984,3.6872081756591797,4.258279323577881
342,4.913972854614258,6.789360523223877,10.946993827819824,8.08730697631836,3.049488067626953,8.704058647155762,7.126871109008789,4.257946014404297,14.385183334350586,4.881402969360352,1.5166213512420654,1.41144597530365,2.315484046936035,4.639717102050781,-2.954057216644287,-0.5617938041687012
343,15.60157585144043,9.532602310180664,10.671659469604492,11.131345748901367,-1.3692463636398315,5.500226020812988,3.514807939529419,1.2964485883712769,6.4249186515808105,11.853238105773926,6.408609390258789,5.084227085113525,-7.970818996429443,7.7226104736328125,-0.5681164860725403,2.177692413330078
344,12.726722717285156,13.247692108154297,8.206568717956543,5.433550834655762,1.4877095222473145,8.058475494384766,3.506106376647949,1.6588886976242065,-8.00257396697998,13.163335800170898,9.754645347595215,6.037381172180176,-20.90772819519043,3.2187037467956543,-1.3252097368240356,-5.10007905960083
345,3.6793746948242188,6.581649303436279,5.889832019805908,-1.6572123765945435,-0.9980912208557129,2.8453800678253174,-0.19115424156188965,-1.2217788696289062,-20.665084838867188,10.12557315826416,7.6455512046813965,1.748026967048645,-20.906795501708984,1.3854823112487793,2.2477643489837646,-0.5900465250015259
346,5.428088665008545,5.7033467292785645,2.8736178874969482,2.4426465034484863,4.289395332336426,-1.985843539237976,1.3597861528396606,0.8444060683250427,-25.077714920043945,11.37050724029541,6.947847843170166,2.5348682403564453,-22.072738647460938,7.464269161224365,10.598877906799316,12.201276779174805
347,4.3629631996154785,6.052334785461426,11.298819541931152,12.592146873474121,12.393311500549316,2.9766533374786377,9.002208709716797,8.585270881652832,-17.987760543823242,8.53382682800293,2.796278953552246,5.3841681480407715,-12.553150177001953,10.508183479309082,15.008011817932129,18.74357795715332
348,-8.116312026977539,-12.241243362426758,-4.570484161376953,2.5924229621887207,-1.8820027112960815,-7.589130401611328,-0.5521138906478882,0.059322141110897064,5.950749397277832,-4.42249870300293,-4.3802947998046875,-1.4811280965805054,5.924771308898926,2.497143268585205,6.816647529602051,12.031460762023926
349,-14.257317543029785,-14.277408599853516,-20.002124786376953,-6.801590919494629,-11.394420623779297,-17.553482055664062,-13.607894897460938,-11.140449523925781,7.155039310455322,-12.899466514587402,-12.911827087402344,-16.022464752197266,8.093445777893066,-11.901684761047363,-13.824837684631348,-9.657082557678223
350,2.748363733291626,11.84521770477295,6.0082573890686035,3.3916943073272705,3.2541322708129883,5.9825358390808105,3.425142765045166,2.014742851257324,-4.031596660614014,1.402272343635559,3.036674976348877,1.222395420074463,10.933829307556152,2.73382830619812,0.9001210331916809,-0.10317529737949371
351,1.7852271795272827,7.317577362060547,11.557369232177734,-5.336856365203857,2.3556089401245117,5.910130023956299,6.805045127868652,6.8424224853515625,-4.806361198425293,-1.38408362865448,5.992666244506836,8.486663818359375,11.400184631347656,11.62566089630127,11.970616340637207,11.787093162536621
352,-8.169323921203613,-11.49726676940918,10.92401123046875,-8.06456184387207,0.1831791251897812,-2.5612800121307373,8.990865707397461,8.032608985900879,-6.40386438369751,-6.781130790710449,0.7873896956443787,10.609731674194336,15.479745864868164,11.061643600463867,13.029296875,3.656914710998535
353,-8.754585266113281,-14.178162574768066,-3.7702744007110596,-8.187578201293945,-2.9594950675964355,-7.189427852630615,-1.7445825338363647,2.608976125717163,13.581673622131348,-17.672075271606445,-12.510736465454102,6.4562907218933105,21.9669132232666,-2.6433467864990234,1.61369788646698,-13.141159057617188
354,-3.0042054653167725,-4.362732887268066,-16.41621971130371,-7.920259475708008,-2.3580172061920166,-7.077086925506592,-12.00339412689209,-5.706509590148926,4.577589988708496,-10.86974048614502,-9.227913856506348,-1.0088040828704834,10.338714599609375,-7.64312744140625,-4.666621685028076,-10.044427871704102
355,-3.0042054653167725,-4.362732887268066,-16.41621971130371,-7.920259475708008,-2.3580172061920166,-7.077086925506592,-12.00339412689209,-5.706509590148926,4.577589988708496,-10.86974048614502,-9.227913856506348,-1.0088040828704834,10.338714599609375,-7.64312744140625,-4.666621685028076,-10.044427871704102
356,-14.129271507263184,-11.181009292602539,-23.193511962890625,-17.0501766204834,-10.698576927185059,-14.466094017028809,-16.202438354492188,-12.391141891479492,-8.894488334655762,2.115556001663208,-1.4133418798446655,-2.2051773071289062,-8.59216594696045,-7.750649452209473,-3.4641337394714355,-6.302094459533691
357,-6.201803207397461,-15.243310928344727,-21.53835678100586,-18.528640747070312,-12.945565223693848,-15.956940650939941,-21.478851318359375,-15.253952026367188,-6.876819133758545,-4.670413970947266,-7.787703990936279,-10.51606273651123,-6.868634223937988,-16.1474666595459,-11.150317192077637,-19.907176971435547
358,0.37217557430267334,-8.502243041992188,-11.578089714050293,-6.059917449951172,-1.845084547996521,-8.610177993774414,-16.68659210205078,-12.073803901672363,10.198997497558594,-6.6037702560424805,-7.200577735900879,-16.04473304748535,-4.901978969573975,-8.872940063476562,-10.071808815002441,-15.345660209655762
359,-5.321224689483643,-4.9675679206848145,-0.5001397728919983,1.800118327140808,5.7762837409973145,-1.0420666933059692,-5.139183521270752,-6.904536724090576,6.061742305755615,-4.207329750061035,-3.806892156600952,-14.295164108276367,-6.02977180480957,2.8730103969573975,-0.5852732062339783,-2.693779945373535
360,-5.321224689483643,-4.9675679206848145,-0.5001397728919983,1.800118327140808,5.7762837409973145,-1.0420666933059692,-5.139183521270752,-6.904536724090576,6.061742305755615,-4.207329750061035,-3.806892156600952,-14.295164108276367,-6.02977180480957,2.8730103969573975,-0.5852732062339783,-2.693779945373535
361,-4.44043493270874,-12.424145698547363,-1.9087797403335571,0.7351710200309753,4.334644317626953,-0.07396133244037628,4.9967474937438965,-0.8611704707145691,5.132579803466797,-3.8646576404571533,0.23376940190792084,-4.48501443862915,-8.572391510009766,2.430577039718628,-3.068598508834839,3.437584161758423
362,0.8067673444747925,-5.562623977661133,-7.182194232940674,3.590017080307007,2.4392831325531006,2.4398868083953857,4.104614734649658,0.585002601146698,7.923496246337891,-5.865756988525391,-0.7402976751327515,2.9530391693115234,-3.9660325050354004,-4.839555263519287,-8.069830894470215,7.099567413330078
363,-1.19762122631073,8.38223648071289,-7.544398307800293,0.3336731493473053,1.8327256441116333,0.250046044588089,-4.500011444091797,-3.0834920406341553,12.821094512939453,-3.0298190116882324,-2.5130672454833984,2.26769757270813,0.3800058364868164,-7.959286212921143,-8.476923942565918,3.8938724994659424
364,-3.5955872535705566,7.713450908660889,-3.940096855163574,4.329676151275635,6.9085845947265625,2.5591204166412354,-0.06929145008325577,-0.07758864015340805,-4.560050964355469,8.268762588500977,6.345332622528076,0.9551185369491577,-7.969336032867432,0.9031941890716553,-0.29863426089286804,14.269845962524414
365,-2.2122631072998047,-11.97062873840332,-4.992475986480713,-12.340310096740723,-6.380571365356445,-6.222955703735352,-1.5828217267990112,2.3073160648345947,-8.653992652893066,6.633786678314209,-0.5591433644294739,-2.1718180179595947,1.1152093410491943,6.670670986175537,6.554098129272461,-0.6869467496871948
366,-0.9510981440544128,-2.826054334640503,0.1774749606847763,-12.37982177734375,-12.299098014831543,-2.299469232559204,-4.182160377502441,5.85453462600708,-3.235086441040039,9.537339210510254,0.7753605246543884,-1.48480224609375,3.5306010246276855,8.259840965270996,8.134458541870117,-8.657411575317383
367,8.506864547729492,5.079615116119385,4.682072639465332,-5.5306572914123535,-10.761576652526855,4.9884724617004395,-3.2512123584747314,4.4792022705078125,-0.2614598870277405,18.541027069091797,4.244838237762451,6.988320350646973,1.0767474174499512,7.650674343109131,7.856118679046631,-2.0565733909606934
368,3.24310040473938,1.9219671487808228,6.576791286468506,-8.03384780883789,-17.293045043945312,-7.504441738128662,-2.196960687637329,-1.1118676662445068,-11.862320899963379,20.792362213134766,1.0264493227005005,6.683682918548584,-6.745215892791748,2.005221128463745,-0.4940571188926697,7.599329948425293
369,-6.072031497955322,2.1931467056274414,0.37989673018455505,-6.847902297973633,-20.091995239257812,-15.137147903442383,-6.35336446762085,-8.130099296569824,-5.835085868835449,2.4578912258148193,-17.743167877197266,-7.397914409637451,-9.974000930786133,-8.519010543823242,-12.336259841918945,-4.413270950317383
370,-6.072031497955322,2.1931467056274414,0.37989673018455505,-6.847902297973633,-20.091995239257812,-15.137147903442383,-6.35336446762085,-8.130099296569824,-5.835085868835449,2.4578912258148193,-17.743167877197266,-7.397914409637451,-9.974000930786133,-8.519010543823242,-12.336259841918945,-4.413270950317383
371,0.5237268209457397,7.804254055023193,3.8041419982910156,1.5251351594924927,-3.70556378364563,-3.7078990936279297,-6.761907577514648,-6.328427314758301,-4.736255168914795,-0.8791149854660034,-20.34774398803711,-8.223304748535156,-13.999750137329102,-9.832624435424805,-9.540323257446289,-5.763802528381348
372,6.416564464569092,14.014039993286133,11.083442687988281,4.961869716644287,4.988710403442383,4.611780166625977,-0.5598541498184204,0.3658328950405121,-5.38045072555542,3.867899179458618,-14.259147644042969,-0.08816725015640259,-15.927586555480957,0.04743386059999466,-0.07953812927007675,0.8023505210876465
373,13.747103691101074,22.62801742553711,16.947816848754883,20.12831687927246,13.888751029968262,14.048370361328125,11.51010513305664,4.785126686096191,-4.587396621704102,2.1983721256256104,-10.890538215637207,3.828568696975708,-9.939899444580078,12.374821662902832,6.220785617828369,1.53052818775177
374,9.883767127990723,17.819488525390625,16.22235870361328,25.74129295349121,15.680642127990723,18.88246726989746,20.775218963623047,11.084385871887207,-3.6190974712371826,7.933610916137695,2.8400964736938477,9.866289138793945,-9.829177856445312,22.39274024963379,13.406235694885254,9.9068603515625
375,4.500905990600586,10.45337963104248,15.703106880187988,16.468826293945312,5.616944789886475,14.595063209533691,15.580355644226074,11.393967628479004,-1.270971655845642,5.587053298950195,8.049002647399902,12.648725509643555,-0.1406679004430771,13.498504638671875,13.123579025268555,3.012303113937378
376,19.545576095581055,19.3046817779541,12.070775985717773,15.204484939575195,8.335792541503906,19.23980712890625,9.945208549499512,8.958354949951172,0.6859533190727234,6.207887649536133,12.624045372009277,14.04786205291748,3.843048572540283,4.132826328277588,9.356783866882324,1.9949411153793335
377,-2.3118791580200195,-11.432890892028809,-1.915763020515442,-7.5382771492004395,-5.998665809631348,-2.614368200302124,-3.0215556621551514,0.5204993486404419,-10.993240356445312,3.5623550415039062,9.816259384155273,9.149266242980957,1.0504987239837646,3.423600435256958,3.3489744663238525,1.1090105772018433
378,-20.313879013061523,-27.21428108215332,-19.846023559570312,-15.265579223632812,-9.787888526916504,-11.577621459960938,-13.263790130615234,-9.353132247924805,8.4578857421875,-14.998137474060059,-8.406075477600098,-9.662261962890625,4.674596786499023,-9.551088333129883,-7.445924758911133,-15.534503936767578
379,6.798149108886719,-4.666440486907959,-11.812392234802246,-3.9292142391204834,8.9204740524292,7.698985576629639,0.8717906475067139,-4.648473739624023,0.6254062652587891,-6.067074298858643,3.9959287643432617,-11.754687309265137,0.8937388062477112,-1.2026950120925903,-1.358702301979065,-5.502403259277344
380,-7.451003074645996,-1.182625412940979,0.8217270374298096,7.210103988647461,5.933992862701416,-0.6864222884178162,-0.1985951066017151,3.7277684211730957,7.071280002593994,-10.678214073181152,4.571305751800537,-0.2500419616699219,2.3543930053710938,-3.413872003555298,0.721627414226532,8.479376792907715
381,-2.2963030338287354,7.541667461395264,1.7422947883605957,10.611673355102539,15.344673156738281,6.983495235443115,6.0232253074646,7.494776248931885,4.8432230949401855,-6.173961639404297,7.424816608428955,5.397968769073486,-5.668983459472656,-2.8823890686035156,3.5632693767547607,11.784120559692383
382,8.821078300476074,5.656739234924316,5.519356727600098,5.286509037017822,13.747252464294434,6.501250267028809,11.474438667297363,5.487607479095459,-4.719936370849609,-3.4978790283203125,10.666948318481445,10.38829231262207,-1.9435358047485352,4.554704189300537,5.617002010345459,6.985641002655029
383,4.5068254470825195,-1.210273027420044,2.613527774810791,3.0543384552001953,8.996306419372559,-0.1642192304134369,8.90205192565918,2.66552472114563,-0.7589051127433777,-3.4915883541107178,6.931713581085205,9.974925994873047,4.263120651245117,10.221880912780762,7.281762599945068,3.038461923599243
384,-1.331591248512268,6.075481414794922,1.8831335306167603,6.959066390991211,4.965849876403809,2.337843894958496,7.8120012283325195,3.8880186080932617,-3.8683221340179443,-0.35947665572166443,3.755500555038452,7.918736934661865,7.01629638671875,13.232989311218262,5.6935954093933105,0.9913873672485352
385,8.821078300476074,5.656739234924316,5.519356727600098,5.286509037017822,13.747252464294434,6.501250267028809,11.474438667297363,5.487607479095459,-4.719936370849609,-3.4978790283203125,10.666948318481445,10.38829231262207,-1.9435358047485352,4.554704189300537,5.617002010345459,6.985641002655029
386,4.5068254470825195,-1.210273027420044,2.613527774810791,3.0543384552001953,8.996306419372559,-0.1642192304134369,8.90205192565918,2.66552472114563,-0.7589051127433777,-3.4915883541107178,6.931713581085205,9.974925994873047,4.263120651245117,10.221880912780762,7.281762599945068,3.038461923599243
387,-1.331591248512268,6.075481414794922,1.8831335306167603,6.959066390991211,4.965849876403809,2.337843894958496,7.8120012283325195,3.8880186080932617,-3.8683221340179443,-0.35947665572166443,3.755500555038452,7.918736934661865,7.01629638671875,13.232989311218262,5.6935954093933105,0.9913873672485352
388,-4.3006696701049805,-3.7472035884857178,-2.3283965587615967,-3.8350231647491455,-7.586635112762451,-3.692394256591797,2.320962905883789,1.6738452911376953,-7.7207417488098145,1.7888354063034058,0.9637799859046936,5.838975429534912,1.4507313966751099,6.496888637542725,4.920675754547119,-0.1293540745973587
389,-1.0263950824737549,-7.937124252319336,-4.874039173126221,-8.254981994628906,-14.140299797058105,-8.23197078704834,-5.261791229248047,-4.693095684051514,-3.864661931991577,-3.454798936843872,-8.648946762084961,0.07798564434051514,-0.004188750870525837,-9.275839805603027,4.052929401397705,-4.622262477874756
390,3.40665340423584,6.545715808868408,-3.3504457473754883,5.124792575836182,4.869531154632568,1.2112311124801636,2.3679347038269043,0.1452942043542862,14.003275871276855,-1.0270626544952393,-0.07395897060632706,-9.884976387023926,0.265802800655365,-5.749831676483154,-8.077821731567383,0.029089514166116714
391,9.141357421875,5.862424373626709,7.348698139190674,4.554276466369629,9.728111267089844,9.737595558166504,13.312677383422852,9.174625396728516,1.90494704246521,10.477181434631348,14.243989944458008,5.010244369506836,-1.1879469156265259,7.991992950439453,11.795921325683594,9.99318790435791
392,4.561147212982178,-1.9871280193328857,8.301539421081543,-0.615000307559967,-2.440709114074707,4.28396463394165,5.191267013549805,4.990621566772461,12.928418159484863,0.6403287649154663,4.717973232269287,6.714150428771973,14.97467041015625,4.573806285858154,13.262053489685059,4.206423759460449
393,1.863802194595337,2.8664064407348633,4.12260627746582,1.241530418395996,-6.901193618774414,5.366105556488037,0.4187799096107483,1.9214763641357422,6.2250800132751465,-1.82257878780365,-0.2843429446220398,1.5802537202835083,19.681930541992188,2.1760005950927734,7.54724645614624,8.377562522888184
394,1.538458228111267,6.0752363204956055,1.1955044269561768,2.2907097339630127,-6.4408087730407715,1.1032670736312866,2.12595534324646,2.0239641666412354,-9.586482048034668,0.2849077582359314,1.5450682640075684,2.1835246086120605,6.9014410972595215,1.830057978630066,3.7771565914154053,10.91344928741455
395,4.561147212982178,-1.9871280193328857,8.301539421081543,-0.615000307559967,-2.440709114074707,4.28396463394165,5.191267013549805,4.990621566772461,12.928418159484863,0.6403287649154663,4.717973232269287,6.714150428771973,14.97467041015625,4.573806285858154,13.262053489685059,4.206423759460449
396,1.863802194595337,2.8664064407348633,4.12260627746582,1.241530418395996,-6.901193618774414,5.366105556488037,0.4187799096107483,1.9214763641357422,6.2250800132751465,-1.82257878780365,-0.2843429446220398,1.5802537202835083,19.681930541992188,2.1760005950927734,7.54724645614624,8.377562522888184
397,1.538458228111267,6.0752363204956055,1.1955044269561768,2.2907097339630127,-6.4408087730407715,1.1032670736312866,2.12595534324646,2.0239641666412354,-9.586482048034668,0.2849077582359314,1.5450682640075684,2.1835246086120605,6.9014410972595215,1.830057978630066,3.7771565914154053,10.91344928741455
398,0.2112845480442047,3.2841477394104004,11.417381286621094,1.8823667764663696,-10.338458061218262,-4.249608993530273,1.1771361827850342,1.7210177183151245,-11.834543228149414,-3.3884427547454834,-1.3405647277832031,1.4709666967391968,8.376203536987305,-7.673457145690918,-3.279618978500366,-1.4870175123214722
399,4.416239261627197,1.60833740234375,6.877398490905762,-2.9118964672088623,-15.154163360595703,0.9195439219474792,-4.789702892303467,0.3469964563846588,3.5312023162841797,-3.9076364040374756,1.4781681299209595,0.351154625415802,17.312294006347656,-16.946115493774414,-8.2584810256958,-11.786689758300781
400,5.154793739318848,4.549365997314453,-1.7327077388763428,8.20222282409668,11.394272804260254,0.676527738571167,-5.0257978439331055,-4.936801433563232,1.6847392320632935,5.55952787399292,2.093592405319214,-7.939560890197754,0.4549441635608673,-4.07183313369751,4.730008602142334,6.245608329772949
401,-1.1734716892242432,7.378190040588379,2.6393439769744873,19.545684814453125,22.573583602905273,3.264857292175293,-0.2820277214050293,-0.6361114978790283,-15.658485412597656,8.856801986694336,2.2760777473449707,-4.525788307189941,-15.43467903137207,14.013516426086426,23.506729125976562,27.528667449951172
402,-7.715590000152588,5.161349296569824,1.3674030303955078,7.351420879364014,9.273125648498535,-1.8728147745132446,-1.5180294513702393,0.7522282600402832,-20.562511444091797,-1.7612860202789307,-6.603549003601074,0.17370973527431488,-8.287606239318848,14.614669799804688,17.684677124023438,25.34771156311035
403,1.0378080606460571,8.39334487915039,3.4233179092407227,4.326418876647949,2.456082820892334,-2.15574049949646,0.6317891478538513,0.1098029688000679,-6.18080997467041,-7.982675075531006,-5.341849327087402,-0.3453499674797058,-3.567652463912964,3.264179229736328,-1.8748003244400024,3.7785251140594482
404,6.693724632263184,3.601999044418335,2.74294376373291,-0.06680070608854294,-2.814269542694092,-2.1363542079925537,-0.6667608022689819,-0.26896360516548157,-8.509432792663574,-3.176424503326416,1.2241877317428589,-0.2650294005870819,-8.719539642333984,-4.395603179931641,-14.175808906555176,-13.518058776855469
405,6.109476089477539,0.387900710105896,-5.377506732940674,-11.1782865524292,-13.787373542785645,-4.718608379364014,-11.002995491027832,-6.010483741760254,7.480560302734375,-5.508522033691406,-2.931058645248413,-7.011910915374756,-8.885750770568848,-12.144179344177246,-24.601821899414062,-22.537452697753906
406,1.3097466230392456,0.9554884433746338,-6.6326212882995605,-10.958240509033203,-13.035862922668457,-9.131836891174316,-10.752549171447754,-6.838347434997559,3.968235969543457,-3.3301825523376465,-3.5951144695281982,-7.508808612823486,-10.212835311889648,-14.727434158325195,-25.0849552154541,-30.31056785583496
407,-10.552922248840332,-2.1958467960357666,-3.1791746616363525,-14.409344673156738,-6.507153511047363,-13.104597091674805,-3.8832991123199463,-4.629300117492676,1.3047831058502197,4.906152248382568,-1.6303613185882568,-1.5330424308776855,-12.61480712890625,-9.152703285217285,-15.947895050048828,-22.640560150146484
408,-8.252151489257812,-6.628036975860596,-6.521082878112793,-8.851426124572754,4.823200702667236,-10.626482963562012,2.6851229667663574,-5.403229713439941,1.0746690034866333,0.8808594346046448,-10.985909461975098,-0.5177720189094543,-1.6210745573043823,-3.988041877746582,-6.461271286010742,-10.89859390258789
409,-1.5360710620880127,-3.4439051151275635,-8.235983848571777,-0.37244296073913574,8.608216285705566,-10.17011547088623,5.999614715576172,-3.3312695026397705,6.968594551086426,-1.3265315294265747,-13.422810554504395,-0.8948035836219788,11.884695053100586,1.7765132188796997,0.830295205116272,-3.7613742351531982
410,-7.330406665802002,-4.636943340301514,-8.43410587310791,-1.9470645189285278,3.009448766708374,-14.362283706665039,-0.7077527046203613,-2.395109176635742,5.170506954193115,0.09334523230791092,-6.7491278648376465,-1.410888671875,14.223160743713379,5.623216152191162,4.501187801361084,12.205312728881836
411,-2.9144649505615234,-7.349277019500732,-2.5041680335998535,1.917944073677063,9.275519371032715,-9.60301399230957,-0.8185445070266724,0.5458059906959534,1.0850077867507935,-3.878443479537964,-5.4877214431762695,-0.4529356062412262,3.0133721828460693,4.89327335357666,0.4437292516231537,18.710350036621094
412,3.7056849002838135,-1.0106585025787354,3.7447612285614014,-0.8847213983535767,13.053651809692383,-3.8568081855773926,7.5152082443237305,4.22587251663208,-8.494474411010742,-5.850944995880127,-3.5582432746887207,-0.30548083782196045,-0.5406677722930908,7.752791404724121,-0.12703727185726166,12.99278450012207
413,-1.7713161706924438,0.11761906743049622,4.747775077819824,-6.7073588371276855,5.698413372039795,-5.217990398406982,1.1475210189819336,-0.4080965220928192,-3.5107812881469727,-10.596325874328613,-4.805885314941406,-0.24262107908725739,0.6963725090026855,2.514791965484619,0.04547366127371788,4.131255149841309
414,3.5459320545196533,1.6035391092300415,7.892822742462158,7.997637748718262,10.61904525756836,4.688263893127441,5.6381988525390625,2.3163845539093018,-3.419327974319458,-10.694782257080078,-0.9604644179344177,3.8088479042053223,-8.556571960449219,3.996273994445801,0.5511064529418945,4.549734115600586
415,5.600492477416992,8.895071983337402,7.599991798400879,8.64395809173584,6.0039381980896,10.90868854522705,7.579733848571777,1.067775011062622,-6.420109748840332,4.459921360015869,10.048850059509277,4.201562404632568,-19.972835540771484,5.266976356506348,3.05782413482666,3.8884360790252686
416,7.562474727630615,-0.7998489737510681,7.094691276550293,4.022863388061523,1.2122429609298706,8.926176071166992,0.5206828117370605,-1.7860755920410156,-14.150410652160645,6.044333457946777,11.163021087646484,-0.6816718578338623,-21.591938018798828,-0.4620390832424164,7.045522212982178,1.301926851272583
417,-2.2870888710021973,-7.545467853546143,-5.29252815246582,-6.38838529586792,-6.218777656555176,6.0070319175720215,-8.708271026611328,-3.370971918106079,-5.394986629486084,-0.882710874080658,5.2024078369140625,-4.3268303871154785,-12.026057243347168,-1.6400885581970215,7.913573741912842,-3.0067811012268066
418,-7.588303089141846,-9.726592063903809,-3.747013568878174,-8.529086112976074,-3.0700693130493164,8.217818260192871,-0.7683398127555847,2.506502628326416,-3.781794548034668,6.112156391143799,7.566919326782227,-4.927948951721191,-8.00217342376709,0.0063034119084477425,6.289885520935059,-1.10781729221344
419,1.1748477220535278,4.582574367523193,-2.1073155403137207,-3.6419265270233154,-2.1326346397399902,15.654723167419434,4.109766483306885,4.568022727966309,9.64323902130127,6.413170337677002,6.020096778869629,-0.9951071739196777,0.775719940662384,0.39962056279182434,1.8107410669326782,-6.842625141143799
420,1.1748477220535278,4.582574367523193,-2.1073155403137207,-3.6419265270233154,-2.1326346397399902,15.654723167419434,4.109766483306885,4.568022727966309,9.64323902130127,6.413170337677002,6.020096778869629,-0.9951071739196777,0.775719940662384,0.39962056279182434,1.8107410669326782,-6.842625141143799
421,8.27923583984375,7.287187099456787,5.538841724395752,6.710415363311768,1.67305326461792,20.383447647094727,8.050108909606934,7.9445366859436035,-1.6645996570587158,9.980687141418457,13.464212417602539,8.395857810974121,-1.0763425827026367,10.231053352355957,7.5831522941589355,5.5360941886901855
422,-6.467193603515625,-8.112160682678223,-1.4725141525268555,-7.915165424346924,-6.083710670471191,6.833948612213135,-2.271960735321045,3.8957200050354004,1.2606438398361206,0.27628740668296814,6.953887462615967,3.931796073913574,-1.1254527568817139,1.74012291431427,5.088008880615234,2.003429651260376
423,-0.573851466178894,2.4038126468658447,-6.117554664611816,-6.455422878265381,-7.980478763580322,8.84634780883789,-9.887964248657227,-0.5060285925865173,7.283450603485107,-14.043598175048828,-4.285838603973389,-5.582294464111328,10.289461135864258,-9.920418739318848,-4.297046661376953,-12.973814964294434
424,14.325852394104004,16.079084396362305,5.730226516723633,14.402122497558594,5.061275005340576,19.95687484741211,5.533167839050293,6.559538841247559,-1.0646687746047974,2.0616583824157715,10.681038856506348,4.130395889282227,8.874004364013672,2.681375026702881,7.440776348114014,7.0262603759765625
425,4.766608715057373,13.511467933654785,8.57186508178711,2.972554922103882,0.7289569973945618,7.007777214050293,0.7746409773826599,3.490044355392456,-9.326828002929688,4.662784099578857,5.03457498550415,4.194297790527344,8.161111831665039,0.7873415350914001,3.131006956100464,3.856191635131836
426,-1.0362236499786377,7.897441864013672,1.479663372039795,0.5152377486228943,-0.09994238615036011,-3.0978636741638184,-3.002964735031128,1.5592284202575684,-1.8832858800888062,4.339084625244141,-6.987826824188232,1.2001478672027588,5.489812850952148,-4.288796424865723,-6.047152042388916,-1.7551487684249878
427,-5.543121337890625,-2.27915358543396,-1.3662611246109009,1.9657926559448242,2.30230975151062,-14.49152660369873,-0.48385438323020935,-1.8767955303192139,-0.7521786093711853,5.766172409057617,-11.031161308288574,5.720287799835205,10.431819915771484,-2.6200599670410156,-5.528436660766602,-0.6454564332962036
428,-12.313490867614746,-9.879280090332031,-5.084188938140869,-3.8216795921325684,4.941352367401123,-22.414369583129883,-3.5426368713378906,-6.880614757537842,10.561578750610352,-0.9047864675521851,-15.150107383728027,-0.4688718318939209,8.19999885559082,-2.0368258953094482,-7.617856979370117,-6.625712871551514
429,1.196962594985962,2.831373691558838,-4.4573822021484375,2.5948126316070557,10.49208927154541,-9.21075439453125,1.9462796449661255,-0.356349915266037,10.677339553833008,-0.8093190789222717,-14.709153175354004,-6.466309547424316,8.987436294555664,-1.3521860837936401,-4.335017204284668,-4.97316312789917
430,15.352884292602539,11.730435371398926,-0.5368247032165527,5.491870403289795,3.7026560306549072,1.0433562994003296,8.58387279510498,4.1546196937561035,10.564164161682129,5.912876129150391,-1.4335334300994873,0.9803165197372437,10.247066497802734,4.562304973602295,-0.059970591217279434,6.289273738861084
431,1.0844018459320068,-8.320001602172852,-2.7215335369110107,-2.2314066886901855,-5.813766956329346,-6.155683517456055,4.931278705596924,0.07343250513076782,-6.50222110748291,4.597202777862549,5.445286750793457,2.47550368309021,3.0533900260925293,8.379048347473145,3.465010643005371,10.804752349853516
432,-8.743785858154297,-11.54343318939209,-5.615090847015381,-7.979570388793945,-12.556474685668945,-7.23798131942749,-5.0417256355285645,-5.161036491394043,5.27933931350708,-10.690461158752441,-5.410852432250977,-5.029832363128662,7.383525371551514,-0.2703288495540619,-4.1134490966796875,-4.540627956390381
433,-5.419769287109375,-3.4484803676605225,0.5331598520278931,-6.475904941558838,-9.002714157104492,-1.936357021331787,-2.131808042526245,-3.3803670406341553,-0.7678787708282471,-8.636594772338867,1.4545072317123413,-6.4905853271484375,7.042458534240723,-1.3848196268081665,-3.7476630210876465,-1.1195110082626343
434,-6.969137668609619,-8.021768569946289,-0.939299464225769,-7.730369567871094,-1.2110264301300049,-1.1404024362564087,-6.22868013381958,-0.7279427647590637,3.6150476932525635,-8.498261451721191,0.04387584328651428,-5.719016075134277,7.810639381408691,-4.296946048736572,0.93575519323349,-3.9058191776275635
435,3.589737892150879,-2.0948801040649414,-0.5369971394538879,-1.0601717233657837,2.8505303859710693,10.264436721801758,-6.456395149230957,1.7564891576766968,3.728389024734497,-0.9993561506271362,3.170292615890503,1.5210702419281006,8.573094367980957,1.5679267644882202,5.1477556228637695,-5.186893463134766
436,8.461352348327637,4.388203144073486,2.4984023571014404,9.136643409729004,4.8624982833862305,17.94359016418457,7.424764156341553,6.201078414916992,-5.25127649307251,14.024442672729492,14.227537155151367,11.631902694702148,4.331816673278809,9.897043228149414,11.422430038452148,6.609978675842285
437,7.789158821105957,6.470058441162109,1.3545068502426147,12.52171516418457,4.026581764221191,11.174911499023438,6.122704982757568,5.103865146636963,-5.459231376647949,10.975247383117676,10.256231307983398,10.319254875183105,2.9340007305145264,5.881169319152832,6.496683120727539,3.445816993713379
438,-1.5417855978012085,-0.4605140686035156,0.6160046458244324,4.4142680168151855,-1.5285589694976807,-2.0340304374694824,-1.7473516464233398,0.03900376707315445,-4.689052104949951,6.008749008178711,5.144565105438232,0.8787398934364319,-2.445206880569458,-1.25243079662323,-3.223668098449707,-3.9091689586639404
439,-4.146058559417725,1.9873418807983398,-1.710889458656311,-2.5368664264678955,0.39911794662475586,1.7201621532440186,-1.7237660884857178,0.5555620193481445,-3.8838443756103516,1.4352015256881714,-2.5637524127960205,-3.107844829559326,-2.8027186393737793,-8.63199520111084,-7.85413932800293,-5.2292704582214355
440,6.0416789054870605,9.520423889160156,5.533407211303711,-3.711026906967163,8.306415557861328,9.0128755569458,-0.6639310121536255,4.565707683563232,-10.197405815124512,8.333268165588379,3.684159755706787,4.8621931076049805,-4.909276485443115,-0.6563237905502319,-1.8040086030960083,4.06952428817749
441,2.980994701385498,3.6815614700317383,6.903160095214844,0.44179674983024597,7.413006782531738,5.279790878295898,3.2590718269348145,6.360871315002441,-8.181061744689941,6.476796627044678,5.194456577301025,6.975665092468262,-7.035046577453613,6.014698028564453,5.047476291656494,10.617562294006348
442,9.23524284362793,6.220381736755371,13.278830528259277,8.749248504638672,10.535853385925293,11.344797134399414,8.959969520568848,9.451959609985352,-2.2713992595672607,-1.5455483198165894,0.9821825623512268,4.930703163146973,-6.2607340812683105,6.44167423248291,8.534451484680176,11.601131439208984
443,-3.8085076808929443,-2.7963223457336426,4.0328545570373535,-3.776024103164673,2.0549936294555664,1.8948386907577515,1.677184820175171,2.063502550125122,3.747718095779419,-0.0036338286008685827,4.323801517486572,3.6425931453704834,-3.732475996017456,11.460186958312988,19.185937881469727,16.11680793762207
444,-20.68611717224121,-14.413338661193848,-8.154850006103516,-15.416733741760254,-18.121604919433594,-17.024211883544922,-14.094642639160156,-12.745895385742188,2.2308754920959473,-9.217761993408203,-7.557294845581055,-7.614983558654785,-3.8370277881622314,-2.6212997436523438,6.774787902832031,2.771587610244751
445,-11.99931526184082,-14.289713859558105,-13.62187385559082,-13.61523151397705,-22.353784561157227,-17.937171936035156,-21.600954055786133,-20.92152976989746,7.152994632720947,-18.668432235717773,-22.287477493286133,-23.65532112121582,-10.834257125854492,-22.707069396972656,-15.87680435180664,-17.794349670410156
446,-13.965123176574707,-18.587261199951172,-7.769628524780273,-9.950091361999512,-20.665477752685547,-18.317272186279297,-11.319913864135742,-19.999536514282227,5.586568832397461,-16.07689094543457,-19.102407455444336,-19.876066207885742,-10.433786392211914,-17.85395622253418,-13.706317901611328,-14.610790252685547
447,-2.788825035095215,-1.7602918148040771,2.390958786010742,-1.1851791143417358,-8.35954761505127,-6.801327228546143,-0.8888975381851196,-10.452476501464844,14.989919662475586,-8.605951309204102,-7.02407169342041,-6.961972236633301,-6.733332633972168,-7.329322338104248,-14.042269706726074,-10.533368110656738
448,13.32236385345459,14.082171440124512,11.607513427734375,5.601726055145264,7.458033084869385,5.896743297576904,4.976290225982666,2.464271068572998,5.528867721557617,6.639983177185059,4.858237266540527,-1.5242867469787598,-4.9986348152160645,4.556504726409912,-5.765268325805664,-2.2049262523651123
449,5.239665985107422,5.189894676208496,6.546850204467773,6.253997325897217,9.492107391357422,-0.766119122505188,9.00918960571289,7.823090076446533,7.143670558929443,8.377730369567871,2.410851001739502,5.147905349731445,6.843871116638184,11.74386978149414,2.1807408332824707,4.656861782073975
450,2.4796130657196045,8.062216758728027,4.256382465362549,12.897704124450684,19.35980224609375,3.774113178253174,11.846352577209473,5.2255401611328125,0.601035475730896,1.86283540725708,-0.9695774912834167,5.708664417266846,12.167698860168457,6.909882068634033,-2.652092218399048,2.995767116546631
451,0.8497368693351746,6.477997779846191,-2.8617658615112305,-0.7692331671714783,9.817231178283691,1.177714467048645,10.00442886352539,-0.0911514163017273,-13.14834213256836,7.350229740142822,6.228752136230469,5.6570916175842285,0.645568311214447,8.496797561645508,3.937880277633667,11.202921867370605
452,-2.976472854614258,-5.645926475524902,-7.061478137969971,-13.274250984191895,-5.0457987785339355,-7.698050022125244,3.93460750579834,-0.8655988574028015,-11.265504837036133,-1.2375258207321167,-4.8709611892700195,3.998189926147461,8.800694465637207,1.8097946643829346,-2.8870818614959717,-2.5673651695251465
453,0.7270833849906921,-3.09678053855896,-6.140525817871094,4.765781402587891,1.2008090019226074,-0.33689481019973755,4.656258583068848,1.400094985961914,13.584028244018555,-6.465453147888184,-9.302168846130371,0.8655999898910522,19.562511444091797,-3.138340473175049,-6.1082916259765625,-8.392267227172852
454,-2.280367612838745,-6.094836235046387,-14.028438568115234,1.9222038984298706,-7.158276081085205,5.317673683166504,4.901291847229004,-1.9611458778381348,4.0563435554504395,-1.8735542297363281,-1.602567434310913,-1.6100326776504517,14.891460418701172,1.0269722938537598,-1.6952166557312012,-0.6486752033233643
455,9.976187705993652,9.671196937561035,3.0972378253936768,12.27054500579834,5.812109470367432,45.41275405883789,-2.288769245147705,2.1280007362365723,5.730072498321533,-0.35192424058914185,8.250426292419434,-1.4642254114151,4.379007339477539,-1.1277217864990234,-5.789030075073242,-3.706657648086548
456,1.0546433925628662,0.2089429497718811,7.129520893096924,6.258671760559082,4.8717780113220215,33.185855865478516,-4.5458598136901855,6.900629043579102,-2.135653495788574,6.013851165771484,10.042985916137695,4.806215763092041,1.6575472354888916,-0.5841450095176697,-2.0221943855285645,3.3322436809539795
457,2.169105291366577,10.991168022155762,7.737926483154297,7.421475410461426,6.066557884216309,32.83761215209961,-0.14110778272151947,6.557094573974609,1.6434273719787598,-2.4321022033691406,0.7803471088409424,-0.10055417567491531,3.670046329498291,-4.26428747177124,-3.6482033729553223,-0.15982574224472046
458,23.636966705322266,17.707698822021484,16.938682556152344,20.39583969116211,19.511512756347656,42.92957305908203,14.939319610595703,12.788390159606934,-1.1482648849487305,7.3021416664123535,13.263833999633789,1.797628402709961,-4.171224594116211,7.5959062576293945,8.378973960876465,12.242916107177734
459,12.617822647094727,8.037984848022461,19.88335609436035,12.161555290222168,21.463403701782227,27.84059715270996,15.865745544433594,15.225830078125,-12.290436744689941,20.290300369262695,24.635133743286133,8.544140815734863,-8.988359451293945,23.837827682495117,19.629241943359375,18.154083251953125
460,23.636966705322266,17.707698822021484,16.938682556152344,20.39583969116211,19.511512756347656,42.92957305908203,14.939319610595703,12.788390159606934,-1.1482648849487305,7.3021416664123535,13.263833999633789,1.797628402709961,-4.171224594116211,7.5959062576293945,8.378973960876465,12.242916107177734
461,12.617822647094727,8.037984848022461,19.88335609436035,12.161555290222168,21.463403701782227,27.84059715270996,15.865745544433594,15.225830078125,-12.290436744689941,20.290300369262695,24.635133743286133,8.544140815734863,-8.988359451293945,23.837827682495117,19.629241943359375,18.154083251953125
462,-1.4061404466629028,4.565683364868164,11.50982666015625,0.3106553554534912,7.782712936401367,7.4778594970703125,4.27017068862915,8.485548973083496,-2.8948512077331543,15.84936809539795,17.58216094970703,5.318715572357178,-2.7204575538635254,19.674564361572266,13.336472511291504,6.177801609039307
463,2.137209892272949,-7.011622428894043,-5.718969821929932,-1.1271026134490967,-7.6187639236450195,-7.301018714904785,-6.16455602645874,0.32055479288101196,-1.9411448240280151,10.383912086486816,3.585951566696167,-0.7503429055213928,-5.258238315582275,6.150237560272217,0.7297283411026001,-2.799297332763672
464,-1.6852976083755493,-7.9490156173706055,-1.9268256425857544,-0.3003832995891571,-5.822936534881592,-12.31020450592041,-0.5728361010551453,4.168393611907959,-18.034154891967773,19.152727127075195,6.175867080688477,4.593210220336914,-18.004335403442383,6.146602630615234,1.6020886898040771,2.6574223041534424
465,-15.595130920410156,-7.93717622756958,-6.300144195556641,-13.781183242797852,-13.821563720703125,-23.093456268310547,-8.298830032348633,1.8035845756530762,-6.198641777038574,12.792891502380371,-2.1343228816986084,6.246520519256592,-7.9925079345703125,2.7552785873413086,-0.46298447251319885,-4.532456874847412
466,-19.47218894958496,-19.71025276184082,-15.102837562561035,-25.028398513793945,-25.429805755615234,-38.02561569213867,-19.370712280273438,-11.741999626159668,9.3595609664917,-0.6719604134559631,-19.160001754760742,-7.9075446128845215,3.8585619926452637,-4.71959114074707,-9.969616889953613,-14.520377159118652
467,-6.479706287384033,-7.06191349029541,-10.4283447265625,-13.1754150390625,-16.58401107788086,-32.32387161254883,-14.196784973144531,-17.36783790588379,14.469537734985352,-8.137964248657227,-22.63851547241211,-19.473302841186523,5.412024021148682,-8.205475807189941,-13.77165699005127,-13.249320983886719
468,-2.189074993133545,7.503443241119385,-0.36878517270088196,-1.3951632976531982,-6.217896461486816,-22.97991943359375,-7.0827836990356445,-11.691835403442383,5.572800636291504,-3.1596243381500244,-14.20787525177002,-10.366124153137207,1.1144042015075684,-3.1668927669525146,-8.35484790802002,-4.782896518707275
469,7.957520008087158,10.387163162231445,2.6564924716949463,-2.1293694972991943,-0.7287434935569763,-17.310941696166992,0.6135663986206055,-2.8096940517425537,2.0864641666412354,5.381039142608643,-3.917062282562256,4.921564102172852,-2.978997230529785,5.722881317138672,0.023396529257297516,3.4539551734924316
470,16.614253997802734,12.046021461486816,7.12052583694458,3.7836313247680664,-0.9464737176895142,-9.727463722229004,6.9509053230285645,2.2909421920776367,2.9818944931030273,3.323108196258545,-0.20898321270942688,9.479716300964355,4.51464319229126,6.134418964385986,5.831145763397217,5.337735652923584
471,8.621810913085938,5.800268173217773,7.97626256942749,7.457370758056641,-3.573791742324829,-5.521359920501709,9.031394004821777,0.2953489422798157,-2.619899272918701,6.053289413452148,0.25668439269065857,5.968602180480957,-4.682060241699219,1.4886422157287598,9.792407035827637,5.043364524841309
472,8.87269401550293,-5.768313407897949,4.013828754425049,0.572118878364563,-3.3591063022613525,-7.5457587242126465,6.602558135986328,-2.2331809997558594,-13.076594352722168,1.861594557762146,-6.212404251098633,-0.7954807281494141,-17.075578689575195,-5.574851989746094,4.165683269500732,-0.6884187459945679
473,10.660571098327637,0.6718641519546509,-0.4359031319618225,5.8337931632995605,3.035444974899292,0.413968950510025,12.302824974060059,6.061880588531494,-8.560298919677734,-1.8387317657470703,-2.1094486713409424,-1.4116573333740234,-15.160598754882812,-6.010940074920654,0.7979310750961304,0.8325792551040649
474,-2.6535353660583496,13.651715278625488,2.3363358974456787,6.53483772277832,5.772491931915283,4.453854084014893,10.905838966369629,9.581724166870117,-9.583694458007812,-0.5741768479347229,2.844585418701172,6.450908660888672,-1.4273076057434082,1.5041707754135132,9.721207618713379,4.355983257293701
475,-4.930859565734863,-4.875633716583252,-4.461849212646484,-3.178520917892456,-2.0835115909576416,-7.896961212158203,-3.5969748497009277,1.3405896425247192,1.1298753023147583,-1.5138461589813232,-0.40741461515426636,8.69035530090332,8.101668357849121,3.984111785888672,12.213069915771484,8.492799758911133
476,4.513453483581543,-19.290109634399414,-8.578564643859863,-1.7314592599868774,-8.260725975036621,-11.10496997833252,-6.669363021850586,-3.860180377960205,3.0860719680786133,-5.517654895782471,-4.388390064239502,3.0477466583251953,7.6188225746154785,-6.2229132652282715,2.490074396133423,8.942968368530273
477,-3.8056678771972656,-7.775370121002197,-9.596161842346191,0.1273651421070099,-9.636556625366211,-5.253048419952393,-7.434332847595215,-4.201810836791992,12.587054252624512,-8.770549774169922,-4.071346282958984,0.7451009154319763,0.9141197800636292,-10.19808292388916,-1.5335420370101929,1.513589859008789
478,-0.09866990894079208,3.3518497943878174,1.3006411790847778,1.4407613277435303,-0.09663406014442444,3.0721750259399414,-3.781736373901367,0.5572896599769592,-4.254122734069824,-0.788673996925354,6.781890869140625,-1.5297716856002808,-8.762423515319824,-0.49766913056373596,3.3543756008148193,5.651440620422363
479,-7.129598140716553,-0.991361141204834,4.370884418487549,-4.390125751495361,2.5239205360412598,-2.880110025405884,-1.3074349164962769,-0.508745014667511,-2.4820046424865723,-4.594133377075195,3.435030937194824,-4.305885314941406,-9.757251739501953,0.004318321589380503,1.357367992401123,5.245198726654053
480,-19.04352378845215,-12.903897285461426,-9.237189292907715,-1.7336024045944214,0.8558414578437805,-13.338560104370117,-6.45558500289917,-6.931102752685547,6.075174331665039,-21.01207733154297,-7.615015983581543,-13.516687393188477,-4.931669235229492,-5.637193202972412,-8.35429573059082,-8.597979545593262
481,-5.9662251472473145,-8.736297607421875,-7.683359146118164,6.937718868255615,7.274974346160889,-5.029401779174805,2.2889232635498047,-3.0816457271575928,12.354832649230957,-16.827564239501953,-4.22798490524292,-16.755964279174805,-8.846138000488281,-1.3221677541732788,-7.516892910003662,-7.998104095458984
482,5.632270812988281,2.244363307952881,1.5127209424972534,5.739904403686523,7.2568535804748535,6.439151763916016,6.685648441314697,2.153454542160034,8.406487464904785,-5.210772514343262,5.733604431152344,-5.817025661468506,-6.884309768676758,1.2245268821716309,-0.42090436816215515,-0.010004960931837559
483,4.498782157897949,0.7230828404426575,-0.19328173995018005,-1.4430649280548096,-0.9829659461975098,5.010732173919678,-8.378942489624023,0.31384703516960144,14.193967819213867,-5.402555465698242,10.134212493896484,0.5768710970878601,-4.917047023773193,-1.4309217929840088,-3.9916467666625977,-4.976657390594482
484,-1.241686224937439,-4.7166218757629395,-2.5183358192443848,-12.332602500915527,-6.61181640625,-1.6768100261688232,-12.087291717529297,-4.329505920410156,5.903184413909912,-3.481809377670288,5.605030536651611,1.180441975593567,-7.90541410446167,-4.374289512634277,-7.0458784103393555,-7.9460554122924805
485,-7.37401008605957,-0.4864147901535034,-2.753499746322632,-9.454305648803711,-3.83297061920166,-0.37458911538124084,-9.38638973236084,-5.637682914733887,6.888731956481934,-8.485875129699707,-5.455178260803223,-1.1394903659820557,-2.81244158744812,-14.070540428161621,-7.823314666748047,-8.188409805297852
486,-8.642733573913574,-3.1314170360565186,-1.7674736976623535,-1.0250558853149414,3.0119001865386963,-1.4211770296096802,-6.857049942016602,-3.248809337615967,0.9583528637886047,-9.5492525100708,-9.958303451538086,0.19782456755638123,1.9992729425430298,-6.459715366363525,2.562981367111206,0.2645043730735779
487,-7.549331188201904,-7.403685569763184,-3.910391330718994,-1.905011773109436,-0.06651339679956436,-6.526485443115234,-5.538208484649658,-4.221226692199707,-3.2690844535827637,-9.486957550048828,-16.966167449951172,1.5612908601760864,5.882991790771484,0.40287211537361145,6.299885272979736,2.214263677597046
488,-3.0694193840026855,4.341322422027588,-3.4164955615997314,0.2318241447210312,-2.342589855194092,4.33411169052124,-1.824731707572937,1.2064532041549683,-5.534198760986328,-6.949115753173828,-13.249415397644043,3.8161697387695312,6.970252990722656,-6.835151672363281,2.3124377727508545,-2.1873533725738525
489,-0.1579502671957016,0.11477815359830856,3.8406410217285156,0.1293945163488388,3.305302858352661,6.596171855926514,6.2231526374816895,6.98076057434082,-18.125368118286133,10.936504364013672,5.271152496337891,17.48921775817871,0.4394923746585846,-0.18313583731651306,10.406310081481934,7.264736652374268
490,-1.4298529624938965,0.7595409750938416,-3.8308632373809814,2.190105438232422,3.481177568435669,3.112008810043335,4.607022762298584,3.5335755348205566,-12.606618881225586,6.2837066650390625,-0.4884539246559143,16.068037033081055,9.955634117126465,0.892909824848175,8.41698169708252,4.4179840087890625
491,-2.1691746711730957,3.559009313583374,-4.833407402038574,-0.282554030418396,-1.620863676071167,3.1105401515960693,1.645225167274475,1.4512182474136353,-6.388481616973877,-4.124467849731445,-6.247562408447266,5.323467254638672,15.653310775756836,-3.7602672576904297,3.40348482131958,-4.11710262298584
492,-3.5209338665008545,-5.036463737487793,-8.274103164672852,-6.610846042633057,-6.093892574310303,-3.684220790863037,0.20063647627830505,-1.8301465511322021,6.861390113830566,-11.663263320922852,-8.640121459960938,-4.054724216461182,15.506769180297852,-5.963137626647949,-0.4005652964115143,-9.746683120727539
493,8.214011192321777,5.0325493812561035,0.5307646989822388,6.592775821685791,5.856388568878174,7.839756488800049,7.660261154174805,3.3967790603637695,12.399166107177734,-9.895500183105469,-1.625669240951538,-8.14948558807373,8.250580787658691,-4.426745414733887,-3.197967290878296,-3.436063289642334
494,8.914331436157227,1.313004732131958,8.371784210205078,9.960358619689941,12.582343101501465,12.763973236083984,11.151021957397461,8.271191596984863,2.771488904953003,6.091017246246338,19.11014175415039,0.9440327286720276,-8.869952201843262,5.487468719482422,3.7820396423339844,11.242843627929688
495,-6.376250743865967,-16.073596954345703,-5.018360614776611,-6.232828140258789,-3.8362584114074707,-2.4274473190307617,-3.456394910812378,0.4187719523906708,0.997512698173523,-0.3510359823703766,14.093953132629395,-1.6514256000518799,-7.900525093078613,-2.6915504932403564,-4.177642822265625,-3.576096534729004
496,-10.259987831115723,-19.481468200683594,-18.090110778808594,-15.697330474853516,-11.585672378540039,-6.276112079620361,-15.101397514343262,-6.2469305992126465,10.778836250305176,-7.7108588218688965,6.822429656982422,-9.848392486572266,-4.505430698394775,-12.779644012451172,-11.180150985717773,-15.348843574523926
497,-6.792276859283447,-12.361200332641602,-8.597050666809082,-10.499762535095215,-8.150308609008789,-3.1412353515625,-11.226119041442871,-6.594937324523926,-0.06833373010158539,1.3788784742355347,16.946151733398438,-8.628361701965332,-6.788410186767578,-5.088866710662842,-6.0616302490234375,-6.7509894371032715
498,-8.824382781982422,-9.566644668579102,-8.45293140411377,-11.517836570739746,-9.028606414794922,-7.21160888671875,-12.95262622833252,-6.176484107971191,2.5728228092193604,4.0384039878845215,17.898340225219727,-8.76388168334961,-6.1400933265686035,-2.764770269393921,-6.628566741943359,-5.215473175048828
499,-0.14110270142555237,-3.1916213035583496,0.3605947494506836,-2.043402671813965,1.6039167642593384,-3.0751821994781494,-6.3420491218566895,0.9891915917396545,-8.742903709411621,9.77136516571045,20.128942489624023,-0.7769455313682556,-5.5192413330078125,2.757143497467041,1.2273499965667725,0.3386981189250946
