,0,1,2,3,4,5,6,7,8,9,10,11,12,13,14,15
0,-1.595613718032837,6.985573768615723,11.878548622131348,11.904828071594238,7.796268463134766,6.326825141906738,12.094846725463867,12.3690767288208,-7.301201820373535,-6.879504203796387,-2.4337050914764404,-1.446353554725647,2.7627198696136475,7.717921257019043,6.402604103088379,6.3404974937438965
1,8.880836486816406,7.607923984527588,11.534579277038574,6.933274269104004,7.9200119972229,7.521000862121582,14.873201370239258,20.19073486328125,-0.21926724910736084,-2.579352617263794,3.9864981174468994,9.195711135864258,9.473851203918457,11.007863998413086,9.693931579589844,6.063329696655273
2,11.803323745727539,5.1867547035217285,5.022931098937988,5.89777135848999,6.308490753173828,6.956511497497559,7.863243579864502,15.083752632141113,8.46256160736084,2.517007350921631,11.705443382263184,16.634021759033203,10.976454734802246,9.643595695495605,7.791423797607422,6.592428684234619
3,-2.1329100131988525,-11.97989559173584,-10.540226936340332,-5.0817179679870605,-4.219986438751221,-6.273263454437256,-13.938987731933594,-4.4281392097473145,5.81187105178833,6.384098052978516,12.726580619812012,13.965474128723145,3.126894235610962,3.0071310997009277,5.398630142211914,4.5276594161987305
4,8.679156303405762,-0.07391082495450974,-0.4072120189666748,3.586001396179199,3.621955156326294,1.0359667539596558,-7.965636253356934,-6.355931282043457,-0.7361478805541992,1.1958307027816772,9.404813766479492,5.193014621734619,-6.520360946655273,-1.4263224601745605,-0.9071157574653625,2.456575393676758
5,8.679156303405762,-0.07391082495450974,-0.4072120189666748,3.586001396179199,3.621955156326294,1.0359667539596558,-7.965636253356934,-6.355931282043457,-0.7361478805541992,1.1958307027816772,9.404813766479492,5.193014621734619,-6.520360946655273,-1.4263224601745605,-0.9071157574653625,2.456575393676758
6,10.759760856628418,7.214360237121582,3.4083917140960693,6.7794880867004395,-0.2750897705554962,5.240627288818359,-2.0026192665100098,-3.984438180923462,13.210854530334473,8.525956153869629,16.785585403442383,8.542717933654785,-0.03323517367243767,-1.2229360342025757,0.4542964994907379,8.907160758972168
7,4.860454559326172,3.1017110347747803,3.4374947547912598,4.2512898445129395,-1.0441712141036987,6.406157493591309,3.26246976852417,6.033753395080566,8.973079681396484,5.623708724975586,11.856431007385254,5.851537227630615,5.423580169677734,-7.523146152496338,-1.3374278545379639,5.950027942657471
8,3.9378550052642822,4.801131725311279,12.58838939666748,8.519497871398926,4.989481449127197,13.350539207458496,12.692352294921875,14.712104797363281,-2.3422794342041016,-3.8692939281463623,1.4144282341003418,2.2711641788482666,9.301533699035645,-5.181662082672119,-4.78004264831543,4.39491081237793
9,-8.046589851379395,-5.812795162200928,4.822037696838379,2.431124210357666,-1.7901926040649414,2.8077995777130127,3.213918924331665,4.494965553283691,-5.969288349151611,-6.847377777099609,-5.927434921264648,-3.387618064880371,6.591991424560547,-3.9187917709350586,-4.7284135818481445,3.5976333618164062
10,-5.114419937133789,-8.599234580993652,-3.2673091888427734,3.613816976547241,8.307770729064941,1.0757646560668945,5.5438737869262695,1.3535161018371582,4.578982830047607,-2.880540609359741,3.1085517406463623,6.413107872009277,7.1445698738098145,9.332629203796387,9.231799125671387,12.575136184692383
11,-9.293745040893555,-13.222761154174805,-13.374724388122559,-7.273609161376953,-2.2069435119628906,-9.51607608795166,-5.855525970458984,-6.317427635192871,-10.218668937683105,-6.06795072555542,-4.774221897125244,-2.262985944747925,-1.6575934886932373,4.3115153312683105,1.9343332052230835,1.786562204360962
12,10.249845504760742,6.40714693069458,2.2953262329101562,3.4628427028656006,4.583396911621094,6.923078536987305,5.485737323760986,5.483471393585205,-4.8807830810546875,-1.0133439302444458,4.19813871383667,3.9184181690216064,3.46948504447937,-0.9770426750183105,2.9879467487335205,1.7226969003677368
13,-0.9204298257827759,-2.2777211666107178,-4.193542003631592,-7.857602119445801,-12.429762840270996,-3.638751745223999,-6.555574893951416,-5.21936559677124,9.7217378616333,-0.05726362392306328,4.1025471687316895,4.912286758422852,-1.9378141164779663,-2.3903605937957764,-6.965419292449951,-5.917068958282471
14,0.2725352942943573,-1.6102683544158936,-1.0699522495269775,-5.004649639129639,-5.600760459899902,-4.667988300323486,-6.2852654457092285,-6.066665172576904,4.603019714355469,-2.172402858734131,-0.003972112666815519,-1.3911173343658447,-9.260087966918945,-3.617705821990967,-13.399395942687988,-12.437883377075195
15,0.2725352942943573,-1.6102683544158936,-1.0699522495269775,-5.004649639129639,-5.600760459899902,-4.667988300323486,-6.2852654457092285,-6.066665172576904,4.603019714355469,-2.172402858734131,-0.003972112666815519,-1.3911173343658447,-9.260087966918945,-3.617705821990967,-13.399395942687988,-12.437883377075195
16,6.142848014831543,2.120231866836548,1.268276333808899,1.1221072673797607,5.370311737060547,0.1358359009027481,-2.3177218437194824,-3.0332961082458496,8.13298225402832,9.968063354492188,7.982753753662109,7.2029571533203125,1.7307755947113037,7.215190887451172,-0.41607916355133057,-2.8061819076538086
17,-12.524759292602539,-15.825108528137207,-19.67138671875,-15.573007583618164,-10.352730751037598,-21.457822799682617,-20.41269302368164,-19.501310348510742,8.39417552947998,5.744804382324219,-1.7372629642486572,1.5341565608978271,-2.946911573410034,3.593302011489868,-3.691099166870117,-6.259254455566406
18,-11.494837760925293,-15.611945152282715,-23.22625732421875,-16.661584854125977,-10.89959716796875,-18.212017059326172,-16.7430362701416,-16.63241195678711,-12.058059692382812,-13.491721153259277,-17.21879005432129,-14.96006965637207,-18.033092498779297,-13.644734382629395,-16.683429718017578,-17.285995483398438
19,-3.8439180850982666,-8.807679176330566,-16.327592849731445,-16.302248001098633,-13.813764572143555,-5.626886367797852,-11.315241813659668,-9.60043716430664,-19.985498428344727,-25.481016159057617,-13.44517993927002,-15.27847671508789,-18.09033203125,-16.795562744140625,-14.018774032592773,-13.437115669250488
20,2.1693952083587646,2.2246456146240234,-1.5872858762741089,-2.379361629486084,-4.5787739753723145,2.1788690090179443,-2.7894885540008545,1.6824935674667358,-3.435711145401001,-20.354597091674805,1.2727141380310059,-5.553277492523193,-5.616711139678955,-13.263818740844727,-0.05647162348031998,0.8565762639045715
21,1.7319461107254028,11.133853912353516,11.95365047454834,12.623573303222656,8.991251945495605,5.957000255584717,9.517498970031738,6.151811599731445,2.785552501678467,-0.1765020787715912,2.808238983154297,-1.4164252281188965,3.2328639030456543,-4.378909111022949,11.638461112976074,11.507593154907227
22,-0.23058730363845825,12.477499008178711,12.779986381530762,12.938020706176758,11.021807670593262,5.10381555557251,13.10356330871582,0.30946338176727295,-4.869110107421875,2.0697436332702637,-5.161448001861572,-2.4347283840179443,7.33385705947876,8.242055892944336,14.683911323547363,14.232504844665527
23,7.56144905090332,17.699647903442383,16.009361267089844,19.305627822875977,16.741886138916016,12.359809875488281,20.10678482055664,7.609538555145264,2.585282564163208,2.31826114654541,3.7675018310546875,4.014737606048584,18.375375747680664,16.2811279296875,20.557825088500977,18.6792049407959
24,-13.848106384277344,-7.4569902420043945,-5.91035270690918,-8.513437271118164,-12.129858016967773,-8.884790420532227,-5.214731693267822,-11.008096694946289,-0.8274745941162109,-1.0271704196929932,-6.724944591522217,-4.790991306304932,0.7669085264205933,11.672555923461914,1.1837363243103027,-3.2184760570526123
25,-2.0269997119903564,-3.255451202392578,0.5394166111946106,-3.7796783447265625,2.0480427742004395,-6.08115291595459,-6.313586711883545,-3.7886476516723633,5.507960796356201,8.824050903320312,2.6130154132843018,3.695772171020508,-1.2206264734268188,3.9639081954956055,0.662143349647522,-1.2157288789749146
26,5.628129959106445,0.8642576932907104,-1.9813497066497803,-2.451082229614258,2.717832326889038,-4.872852325439453,-6.1941609382629395,-2.1535048484802246,12.903918266296387,7.47397518157959,0.07988496869802475,-1.3396023511886597,-6.640271186828613,0.9127553701400757,-1.9971250295639038,-1.918656826019287
27,-0.3969622850418091,-7.319540023803711,-11.958220481872559,-10.809895515441895,-9.423309326171875,-9.252507209777832,-12.13988971710205,-1.046364426612854,16.77550506591797,15.331694602966309,3.1525113582611084,1.102829933166504,-3.8445487022399902,2.4820148944854736,-4.370991230010986,-2.4877514839172363
28,1.6614210605621338,-4.254912376403809,-5.0177435874938965,-4.4894256591796875,-6.898943901062012,-4.039673328399658,-6.275584697723389,4.940948963165283,3.2995381355285645,11.900602340698242,0.06099595129489899,-4.8137712478637695,-4.780998229980469,-7.728056907653809,-10.885982513427734,-6.081748008728027
29,3.374054431915283,-1.5857075452804565,-3.152146339416504,-1.3984955549240112,-4.56737756729126,-0.8800600171089172,-4.774879455566406,-0.7319443821907043,4.2992730140686035,9.610161781311035,0.1505410522222519,-3.7012314796447754,-4.24467134475708,-10.76050853729248,-11.361058235168457,-5.416177272796631
30,3.374054431915283,-1.5857075452804565,-3.152146339416504,-1.3984955549240112,-4.56737756729126,-0.8800600171089172,-4.774879455566406,-0.7319443821907043,4.2992730140686035,9.610161781311035,0.1505410522222519,-3.7012314796447754,-4.24467134475708,-10.76050853729248,-11.361058235168457,-5.416177272796631
31,-9.981225967407227,-15.23259162902832,-16.009035110473633,-12.741222381591797,-8.504106521606445,-11.507437705993652,-12.636594772338867,-12.620643615722656,-6.058502674102783,-5.849184513092041,-10.664209365844727,-11.426488876342773,-12.355916976928711,-14.067496299743652,-15.193961143493652,-15.753623962402344
32,-0.36321553587913513,-1.700196385383606,0.6249462962150574,3.8394298553466797,5.313065052032471,1.917829155921936,5.74692440032959,4.024936676025391,-20.21417808532715,-13.376618385314941,-7.755241870880127,-10.213945388793945,-3.063671350479126,-7.533320426940918,-2.8561880588531494,-6.21173095703125
33,6.170513153076172,9.190320014953613,12.301965713500977,11.1024751663208,5.538161754608154,10.682371139526367,15.273520469665527,12.84153938293457,-6.1482086181640625,-1.1380757093429565,4.8142290115356445,4.301219463348389,12.921186447143555,9.220664024353027,11.6292085647583,11.301612854003906
34,-2.7960076332092285,-0.5494516491889954,3.8367440700531006,-2.93697452545166,-6.444138526916504,1.1491062641143799,1.665121078491211,2.7880518436431885,-5.497421741485596,-4.78999137878418,-1.7240294218063354,2.3956549167633057,5.736783504486084,2.6439595222473145,6.277543544769287,4.4074931144714355
35,-1.8150328397750854,-2.6364076137542725,2.86356520652771,-4.075753211975098,-0.7374680042266846,0.4169902205467224,-2.506380081176758,1.5323561429977417,-4.981629848480225,-10.833625793457031,-5.099249839782715,-1.6766959428787231,-2.1496481895446777,-6.065414905548096,3.28425669670105,1.9100474119186401
36,10.970537185668945,8.46916675567627,14.483258247375488,11.81532096862793,18.10079002380371,11.14831829071045,12.199687004089355,12.162345886230469,6.930681228637695,3.15498423576355,6.875530242919922,9.361614227294922,7.308568000793457,5.0019731521606445,11.63416576385498,12.30228042602539
37,11.207002639770508,10.825969696044922,13.944726943969727,11.774565696716309,17.178333282470703,12.089093208312988,15.317705154418945,15.608843803405762,15.198542594909668,22.654272079467773,21.460481643676758,25.18754768371582,20.246545791625977,18.918380737304688,18.14255714416504,21.04740333557129
38,-1.829257607460022,0.3057507872581482,0.7543736100196838,-1.4240832328796387,4.416865348815918,1.0145784616470337,4.875885009765625,5.007666110992432,7.232348442077637,19.52591896057129,12.0835542678833,17.915952682495117,10.688440322875977,15.166365623474121,4.210980415344238,11.45440673828125
39,-1.3771913051605225,1.9592242240905762,1.3245891332626343,7.414053916931152,6.254311561584473,0.35604119300842285,8.975871086120605,3.753736972808838,-2.091188430786133,11.162666320800781,3.467226505279541,10.651189804077148,8.290887832641602,8.923440933227539,3.6775691509246826,6.035007953643799
40,-0.5035290122032166,1.3115553855895996,-4.061931610107422,8.667607307434082,3.2192323207855225,-2.800131320953369,5.09804105758667,-1.2019188404083252,0.07933526486158371,6.768146514892578,3.2202956676483154,6.013185024261475,11.207843780517578,10.017207145690918,9.866413116455078,5.960228443145752
41,3.6832468509674072,2.610934257507324,-3.76033353805542,2.8990097045898438,1.8731131553649902,2.1888957023620605,1.3010015487670898,-5.078122615814209,1.8853013515472412,-0.7942520976066589,-2.2812089920043945,-6.197303771972656,1.0118509531021118,-1.867771863937378,3.024812936782837,-1.581510066986084
42,6.088473320007324,4.232143402099609,-3.502619981765747,-3.089409351348877,-0.4440370798110962,7.865300178527832,0.7962790727615356,-5.647392272949219,1.2897452116012573,3.227517604827881,3.9448130130767822,0.08087628334760666,-0.3816353976726532,-5.378263473510742,2.20393705368042,-2.1505274772644043
43,6.412204742431641,6.058761119842529,-4.331522464752197,-1.662760615348816,0.9776580929756165,7.779417514801025,1.42322838306427,-4.494826316833496,0.379177451133728,8.792105674743652,11.502799987792969,5.890796661376953,1.9864085912704468,-1.7638587951660156,1.9436719417572021,-1.4084323644638062
44,4.797032356262207,6.576529502868652,-0.294638991355896,6.700668811798096,0.09601660072803497,4.523626804351807,3.7451932430267334,-2.2287046909332275,-0.32307466864585876,7.3217997550964355,11.66162109375,5.471616268157959,5.0541768074035645,-0.4914625287055969,0.14893268048763275,4.561114311218262
45,-6.349109649658203,-4.784008979797363,-7.3240742683410645,0.7001826167106628,-7.826842784881592,-6.1987128257751465,-3.7143266201019287,-10.333048820495605,-8.222413063049316,-9.530936241149902,-5.565328121185303,-8.015390396118164,-6.9669189453125,-9.246809005737305,-15.826183319091797,-1.4953367710113525
46,-3.832369804382324,-4.568803310394287,-2.943183183670044,0.5422173142433167,-2.100823163986206,-1.6337854862213135,-2.609731912612915,-6.100776672363281,-9.903233528137207,-5.505599021911621,-6.398297309875488,-3.89158034324646,-4.2631049156188965,-7.357049465179443,-9.091086387634277,2.086160182952881
47,-7.17526912689209,-8.028593063354492,2.7261507511138916,1.070278525352478,-3.7539632320404053,-2.9366469383239746,-3.9967894554138184,-5.780353546142578,-6.001319885253906,5.43443489074707,4.557200908660889,7.168394088745117,5.025359630584717,5.403176784515381,4.680514335632324,14.566322326660156
48,-16.01658821105957,-17.332927703857422,-3.3256349563598633,-4.550193786621094,-9.793041229248047,-12.721888542175293,-9.410100936889648,-16.450891494750977,-21.31059455871582,-18.764177322387695,-14.064003944396973,-17.9334659576416,-19.107358932495117,-7.269432544708252,-19.469724655151367,-5.086269855499268
49,1.659493327140808,-2.928961753845215,7.94374418258667,6.23198127746582,0.988904595375061,1.8995264768600464,5.830260276794434,-0.9767253994941711,-13.081541061401367,-13.047853469848633,-4.455722332000732,-12.94063663482666,-14.93043041229248,-10.377591133117676,-19.189165115356445,-7.4666056632995605
50,-2.1904311180114746,-8.35144329071045,3.4573564529418945,1.4329993724822998,-4.5518975257873535,0.2759608030319214,1.0031148195266724,1.0736470222473145,13.670190811157227,1.763037085533142,11.900064468383789,2.2676172256469727,-1.0348725318908691,0.5253278613090515,-10.787001609802246,-0.6271178722381592
51,-7.417673110961914,-11.020920753479004,-0.4993331730365753,-1.1508795022964478,-4.087963104248047,-4.106338977813721,-1.9230085611343384,-8.164535522460938,3.264084815979004,-17.062910079956055,-2.7914247512817383,-8.617666244506836,-14.33867359161377,-5.481504440307617,-24.92853546142578,-17.80152130126953
52,8.975765228271484,11.616575241088867,15.271553993225098,9.757383346557617,9.746981620788574,10.243550300598145,15.750984191894531,6.295060634613037,1.8484132289886475,-10.078635215759277,1.8720425367355347,3.9893550872802734,-2.9550180435180664,-1.0602316856384277,-11.992931365966797,-12.05646800994873
53,9.966473579406738,14.844496726989746,9.776193618774414,-6.972762584686279,-1.6748549938201904,8.355464935302734,5.381970405578613,7.5112080574035645,17.634605407714844,4.951635837554932,11.485302925109863,14.842703819274902,9.046134948730469,4.714252471923828,6.512507438659668,0.3102976977825165
54,19.094600677490234,22.070966720581055,8.09599494934082,-10.10647964477539,-1.4142348766326904,11.986855506896973,1.7516443729400635,11.51087760925293,18.925819396972656,6.369410037994385,16.38913345336914,16.176856994628906,6.0947136878967285,-7.925201892852783,9.55795669555664,0.7773943543434143
55,14.667757987976074,19.741701126098633,5.871013641357422,-7.054623603820801,-2.601365566253662,8.552911758422852,-0.6737027764320374,8.641892433166504,21.184070587158203,8.823051452636719,14.574525833129883,18.620107650756836,4.539320945739746,-9.466358184814453,8.185545921325684,2.980255126953125
56,-2.1755483150482178,4.095094203948975,-4.572527885437012,-8.200582504272461,-10.521688461303711,-4.4954986572265625,-6.40302848815918,-3.9918322563171387,17.90985679626465,-1.3398950099945068,-3.129024028778076,2.357093095779419,-2.019415855407715,-1.6930996179580688,2.4503118991851807,-1.9807978868484497
57,4.545531749725342,13.694121360778809,6.909446716308594,12.729009628295898,7.253500938415527,7.650275230407715,13.230351448059082,11.931063652038574,11.683222770690918,-6.74269962310791,-11.056385040283203,-7.582434177398682,4.504538536071777,5.116945743560791,8.653038024902344,3.308628797531128
58,-6.778506755828857,3.8712968826293945,0.6216580271720886,5.593273162841797,5.009396076202393,3.980494737625122,8.31496810913086,13.373566627502441,5.334865093231201,-3.0242323875427246,-14.192228317260742,-7.292717456817627,8.977537155151367,12.465353965759277,11.64806842803955,7.576714992523193
59,-15.862724304199219,-8.968700408935547,-10.39218521118164,-5.818544864654541,-1.2758362293243408,-4.42355489730835,-2.7506604194641113,2.706974744796753,-17.049278259277344,-9.007935523986816,-21.112041473388672,-15.204120635986328,-0.7799642086029053,8.898038864135742,2.2129721641540527,-4.825440883636475
60,-2.535024404525757,-0.3397202491760254,-4.736772537231445,1.5162205696105957,5.8697662353515625,2.651142120361328,-1.876272439956665,3.9244637489318848,-11.260889053344727,-4.97751522064209,-13.622187614440918,-12.549233436584473,0.24023741483688354,1.9545718431472778,5.57665491104126,-4.054091930389404
61,-0.9253965020179749,1.0019866228103638,-4.670088768005371,-2.01316499710083,-1.140754222869873,-1.4537110328674316,-8.193191528320312,-0.9244060516357422,3.7252182960510254,5.177066802978516,-3.058245897293091,-2.8796792030334473,2.641110420227051,3.6206307411193848,10.628235816955566,-2.5126965045928955
62,-0.6195387840270996,4.011507511138916,1.2401150465011597,-0.49963852763175964,-4.9685564041137695,-4.045319080352783,-7.116463661193848,-6.487788677215576,1.165004014968872,6.352083206176758,-1.7652219533920288,-3.176102876663208,-1.5260673761367798,1.327854037284851,8.433430671691895,-6.815969467163086
63,-1.3295669555664062,2.3847579956054688,2.6022791862487793,-1.139786958694458,-5.977051258087158,-5.5646467208862305,-9.494773864746094,-12.039521217346191,-1.746254563331604,3.914496660232544,-5.842536449432373,-7.808703899383545,-8.312529563903809,-1.8317316770553589,0.057275623083114624,-7.107568740844727
64,-3.5526154041290283,-0.9374218583106995,0.2071976214647293,-2.2682178020477295,-3.584911823272705,-6.225852012634277,-8.015922546386719,-12.34658145904541,-5.186117649078369,4.461388111114502,-3.3659555912017822,-1.6813323497772217,-8.816399574279785,-5.163527011871338,-4.4527974128723145,-6.869287967681885
65,1.6958359479904175,0.22878465056419373,0.2268584817647934,0.7868149280548096,3.572892189025879,-3.0751049518585205,-2.0369460582733154,-6.356435775756836,-4.3919477462768555,10.663801193237305,6.975264549255371,9.779218673706055,1.2160767316818237,1.572780966758728,3.463749647140503,-0.1113826110959053
66,-3.981253147125244,-11.434905052185059,-12.767156600952148,-9.856717109680176,-4.63564920425415,-10.787708282470703,-11.09683609008789,-10.544967651367188,-3.6175076961517334,11.724056243896484,5.403298377990723,6.499326705932617,-0.21443045139312744,5.002848148345947,2.2660274505615234,-1.0320881605148315
67,-11.953739166259766,-23.101613998413086,-22.615140914916992,-13.643516540527344,-10.88260269165039,-15.928679466247559,-13.522517204284668,-16.339492797851562,-12.115300178527832,-1.745134949684143,-8.529031753540039,-8.573456764221191,-11.350431442260742,-6.13253927230835,-10.377880096435547,-12.957985877990723
68,0.8593663573265076,-9.905019760131836,-3.9652090072631836,5.199119567871094,6.895021438598633,2.966217041015625,6.311098575592041,2.501209259033203,-8.020790100097656,-3.641990900039673,-0.6418323516845703,-3.247659683227539,-0.6954050064086914,-2.0873730182647705,-1.8098591566085815,0.8485718965530396
69,10.45350456237793,4.926351547241211,12.040823936462402,18.087413787841797,20.04764747619629,17.488285064697266,17.847450256347656,17.60686683654785,-1.4767382144927979,-0.0011714864522218704,9.553711891174316,9.014665603637695,11.250984191894531,7.810756683349609,10.418235778808594,15.325241088867188
70,0.9969210624694824,1.7049883604049683,10.052022933959961,9.362650871276855,11.992155075073242,7.234603404998779,8.000225067138672,8.935535430908203,-10.167158126831055,-2.759187936782837,2.7588751316070557,2.4452903270721436,9.014595985412598,16.027912139892578,10.10720443725586,13.984564781188965
71,0.9813587069511414,-0.6950658559799194,10.848503112792969,8.665929794311523,5.165887355804443,6.344651699066162,5.886327266693115,9.12524127960205,-11.551859855651855,-2.8616979122161865,-2.393235206604004,-3.60398006439209,4.0005998611450195,7.167514801025391,3.8802273273468018,6.235508441925049
72,2.046224355697632,0.17048242688179016,11.396385192871094,6.478569507598877,3.934826612472534,5.141848564147949,4.402813911437988,8.355057716369629,-7.041362285614014,0.7314156889915466,-0.10462436825037003,-0.2207232117652893,4.90726900100708,1.8343098163604736,5.1591973304748535,4.092808723449707
73,-0.6241752505302429,-1.765291690826416,5.653785705566406,-4.7590413093566895,-2.09883189201355,-2.1080374717712402,-3.1294281482696533,-0.07834374159574509,-1.2244967222213745,4.756207466125488,2.8274145126342773,4.430433750152588,4.310418128967285,1.9326311349868774,6.388726234436035,1.7568074464797974
74,-9.083677291870117,-15.349677085876465,-8.620845794677734,-15.559686660766602,-12.118409156799316,-13.952313423156738,-14.733159065246582,-11.783376693725586,-0.23443280160427094,-1.5603867769241333,-1.493707537651062,-2.998180866241455,-6.7380452156066895,-5.817075252532959,-4.949094772338867,-6.840000629425049
75,0.42771631479263306,-9.442736625671387,-8.936513900756836,-3.7931950092315674,-5.3546295166015625,0.19731947779655457,-5.331733703613281,-3.5121097564697266,8.37409496307373,6.271650314331055,0.15356898307800293,-3.4458601474761963,-10.249493598937988,-11.276666641235352,-14.452961921691895,-15.325037956237793
76,-6.644845485687256,-13.941206932067871,-18.704538345336914,-12.664920806884766,-13.649482727050781,-10.678253173828125,-15.670294761657715,-10.743992805480957,10.994952201843262,5.150472640991211,-0.8830792903900146,-3.640270948410034,-13.46982192993164,-13.750447273254395,-18.418323516845703,-15.041827201843262
77,1.2298405170440674,-5.526925086975098,-6.33453893661499,-3.300328493118286,-0.6031427383422852,-2.0515522956848145,-4.074117660522461,0.07479304820299149,11.741427421569824,1.8665217161178589,1.3454967737197876,-0.35079818964004517,-4.848620891571045,-10.984172821044922,-8.817251205444336,-6.198462963104248
78,3.142408847808838,1.762094497680664,2.25612735748291,1.641114354133606,5.04063081741333,3.1871495246887207,2.36971378326416,3.1821060180664062,19.80807876586914,6.539492130279541,5.003015995025635,2.612262487411499,7.138607025146484,0.27772969007492065,5.155195236206055,6.405364036560059
79,-10.489869117736816,-7.898205280303955,-7.571103096008301,-8.191047668457031,-8.284049034118652,-9.248536109924316,-7.201535224914551,-11.362266540527344,9.156949043273926,-0.6304588913917542,-7.651364803314209,-5.887341499328613,-5.458366870880127,-8.710868835449219,-5.515082359313965,-2.2177162170410156
80,-10.489869117736816,-7.898205280303955,-7.571103096008301,-8.191047668457031,-8.284049034118652,-9.248536109924316,-7.201535224914551,-11.362266540527344,9.156949043273926,-0.6304588913917542,-7.651364803314209,-5.887341499328613,-5.458366870880127,-8.710868835449219,-5.515082359313965,-2.2177162170410156
81,-0.22445008158683777,8.82190990447998,9.713153839111328,5.779063701629639,1.4533228874206543,5.577247619628906,10.885348320007324,2.7437949180603027,-2.667783737182617,-6.153594017028809,-3.9314403533935547,-2.041083335876465,-4.147322654724121,-7.551652908325195,-4.331502437591553,-2.0777487754821777
82,10.018677711486816,23.293733596801758,22.321163177490234,12.17292308807373,5.6327972412109375,17.136157989501953,21.31832504272461,17.527942657470703,5.768875598907471,3.321772575378418,12.92099666595459,11.923418998718262,12.550742149353027,10.462384223937988,11.388617515563965,8.557859420776367
83,-5.307070255279541,2.8571391105651855,0.5652352571487427,-8.165285110473633,-10.79696273803711,-4.576174736022949,0.8944720029830933,3.0032663345336914,3.5789196491241455,-3.115220785140991,1.6831905841827393,6.7054619789123535,5.861234664916992,10.756336212158203,3.2179505825042725,-1.6881681680679321
84,-11.024453163146973,-1.9346462488174438,-7.194792747497559,-9.553165435791016,-4.7107744216918945,-14.045780181884766,-3.02134108543396,-3.64170241355896,-6.830491542816162,-17.370012283325195,-11.53123664855957,-1.26046621799469,1.096740484237671,8.043922424316406,0.037231024354696274,-1.7989023923873901
85,-14.171961784362793,-3.344007968902588,-13.89522647857666,-12.353226661682129,-4.399967670440674,-20.493526458740234,-11.835243225097656,-13.722114562988281,-10.073596954345703,-20.864063262939453,-16.55115509033203,-3.841655731201172,-0.19156745076179504,14.101713180541992,4.7164692878723145,2.4550058841705322
86,4.045293807983398,11.543693542480469,-2.975929021835327,1.7576614618301392,9.520119667053223,-2.6326584815979004,-0.9715498685836792,0.2350691258907318,-15.346138000488281,-16.3064022064209,-13.508265495300293,-5.813570022583008,-1.8906128406524658,8.138779640197754,4.679775238037109,-1.722994089126587
87,28.240337371826172,33.54474639892578,21.67477035522461,27.945985794067383,31.654184341430664,24.922744750976562,23.91438865661621,24.397192001342773,1.5889452695846558,8.275680541992188,14.867898941040039,12.322248458862305,16.838741302490234,14.780973434448242,21.2025203704834,15.29780101776123
88,6.237059116363525,8.907645225524902,3.591912269592285,4.997406005859375,6.456720352172852,3.394124746322632,1.0074045658111572,2.9582226276397705,16.167049407958984,24.937116622924805,22.393285751342773,16.13580322265625,16.21010971069336,15.404228210449219,21.89423179626465,17.672374725341797
89,-9.537615776062012,-7.2114715576171875,-14.64515209197998,-13.648327827453613,-12.144722938537598,-13.54781723022461,-16.773635864257812,-14.965736389160156,-6.1232404708862305,8.422576904296875,-3.8676276206970215,-7.159146308898926,-8.100382804870605,-5.068281173706055,-3.88211989402771,-5.92075252532959
90,2.679232358932495,5.932231426239014,-2.0985281467437744,-4.059142112731934,-4.228521823883057,-2.1550891399383545,-7.649409294128418,-5.370689392089844,-3.6714484691619873,-0.7582405805587769,-6.987386703491211,-8.853121757507324,-5.434709072113037,-6.680130958557129,-3.413569688796997,-3.414181709289551
91,7.348879814147949,5.915118217468262,3.541171073913574,-0.6719313859939575,-1.8918520212173462,2.3027613162994385,-3.1435720920562744,1.2868093252182007,5.4114203453063965,4.215169906616211,0.07905800640583038,-0.3067002594470978,3.163926124572754,-1.9832099676132202,5.292431831359863,3.8271329402923584
92,-3.1139252185821533,-6.696136474609375,-7.687046051025391,-3.048948049545288,-6.413702487945557,-8.001082420349121,-7.3653788566589355,-4.669717788696289,1.1091564893722534,5.719838619232178,-3.2872579097747803,-0.7872028946876526,-1.8344814777374268,-7.2578349113464355,-1.556929111480713,-4.4253106117248535
93,-8.289496421813965,-9.018662452697754,-8.714381217956543,-0.336738258600235,-3.1627037525177,-8.635711669921875,-3.108955144882202,-3.4830236434936523,0.09590967744588852,4.478229999542236,-7.242076873779297,-4.781274318695068,-3.317450523376465,-7.41772985458374,-5.417644023895264,-5.413243293762207
94,0.5764445066452026,-0.21408283710479736,6.640918731689453,8.93068790435791,7.3942413330078125,7.139647006988525,9.596219062805176,9.91817855834961,1.6989564895629883,4.1987128257751465,0.34399256110191345,1.043506145477295,6.0802412033081055,-0.43442970514297485,3.5069289207458496,3.9047858715057373
95,-6.614041328430176,-13.637467384338379,-10.402523040771484,-8.392633438110352,-9.67656421661377,-8.993196487426758,-10.431534767150879,-7.3023505210876465,-2.443005323410034,-6.8028178215026855,-4.267499923706055,-2.394301176071167,-6.776727199554443,-8.331817626953125,-9.179222106933594,-5.766993999481201
96,-16.891931533813477,-22.584884643554688,-20.449438095092773,-15.134653091430664,-19.328615188598633,-18.370574951171875,-19.283140182495117,-17.918540954589844,0.5232242345809937,-4.879680156707764,-7.9529194831848145,-7.553056716918945,-13.693414688110352,-12.388283729553223,-13.965400695800781,-10.525533676147461
97,-14.975647926330566,-21.26218605041504,-20.001829147338867,-15.611167907714844,-17.680862426757812,-16.93021011352539,-17.055665969848633,-16.86588478088379,-13.118536949157715,-15.245603561401367,-12.670832633972168,-17.195932388305664,-19.487140655517578,-17.664878845214844,-20.791933059692383,-17.201696395874023
98,7.759612560272217,-0.30098757147789,-0.5895351767539978,0.8974043130874634,2.7293143272399902,6.4871296882629395,5.543625354766846,4.34238862991333,-13.447094917297363,-14.097284317016602,-5.23951530456543,-14.886625289916992,-13.139890670776367,-12.357540130615234,-19.783782958984375,-8.885528564453125
99,-2.7463150024414062,-8.752181053161621,-8.832515716552734,-9.499074935913086,-9.167786598205566,0.9933767914772034,-2.289524555206299,-0.8070343732833862,0.3462248742580414,0.49571850895881653,5.906981468200684,-4.129624843597412,-4.663070201873779,1.5650230646133423,-12.766557693481445,0.4283432960510254
100,7.759612560272217,-0.30098757147789,-0.5895351767539978,0.8974043130874634,2.7293143272399902,6.4871296882629395,5.543625354766846,4.34238862991333,-13.447094917297363,-14.097284317016602,-5.23951530456543,-14.886625289916992,-13.139890670776367,-12.357540130615234,-19.783782958984375,-8.885528564453125
101,-2.7463150024414062,-8.752181053161621,-8.832515716552734,-9.499074935913086,-9.167786598205566,0.9933767914772034,-2.289524555206299,-0.8070343732833862,0.3462248742580414,0.49571850895881653,5.906981468200684,-4.129624843597412,-4.663070201873779,1.5650230646133423,-12.766557693481445,0.4283432960510254
102,-0.4363004267215729,-6.06980037689209,-5.007165908813477,-7.1591386795043945,-9.43758773803711,3.916053295135498,-0.2841607928276062,-0.6159719824790955,-4.998118877410889,-5.737030029296875,1.024161696434021,-8.275226593017578,-8.754514694213867,-9.415226936340332,-14.504688262939453,-8.420217514038086
103,26.023801803588867,21.62997817993164,24.644445419311523,22.96086311340332,21.479248046875,29.806659698486328,27.704975128173828,22.938058853149414,2.107506036758423,-0.07211682200431824,8.485408782958984,1.3425401449203491,4.970186710357666,-6.657233715057373,1.727574348449707,4.796543598175049
104,9.658390998840332,8.511324882507324,17.48769187927246,14.018836975097656,15.068636894226074,15.033549308776855,15.406243324279785,14.921178817749023,22.292339324951172,17.834003448486328,22.577491760253906,22.629045486450195,29.071414947509766,19.743452072143555,30.56971549987793,30.78911018371582
105,6.074789524078369,6.372613430023193,4.2424187660217285,-3.9045214653015137,0.42459559440612793,8.213995933532715,0.5534434914588928,8.54763412475586,7.37294864654541,1.0138589143753052,5.387235164642334,9.298377990722656,6.808353424072266,4.783134460449219,6.860798358917236,2.7572131156921387
106,-7.153308391571045,-7.0717363357543945,-12.338287353515625,-20.665834426879883,-17.348758697509766,-4.959640026092529,-14.148676872253418,-6.412590503692627,5.005087852478027,3.842136859893799,4.6194682121276855,11.915904998779297,-4.767353057861328,-7.169978618621826,-9.105870246887207,-10.830705642700195
107,-3.375720739364624,-5.4904303550720215,-7.527807712554932,-7.589272975921631,-5.495884895324707,-4.108635425567627,-3.8654184341430664,-4.2790141105651855,0.28743407130241394,3.4786009788513184,-1.5249147415161133,1.574385404586792,-5.752170562744141,-13.231770515441895,-8.984009742736816,-10.886813163757324
108,7.438316345214844,6.192361354827881,5.701744556427002,13.250262260437012,10.45390796661377,4.045777797698975,12.141704559326172,8.862627029418945,-0.21250465512275696,12.483880043029785,4.537635803222656,6.4178786277771,7.76525354385376,-0.5031690001487732,5.779514789581299,7.855892181396484
109,3.276137351989746,8.725264549255371,6.540129661560059,11.034674644470215,10.347989082336426,4.499597072601318,10.647917747497559,7.312726020812988,-3.1725986003875732,13.635231018066406,5.130756855010986,8.84609603881836,6.654254913330078,5.808404922485352,4.985679626464844,12.368754386901855
110,-3.425969362258911,6.5032124519348145,2.282755136489868,2.900463342666626,5.294528007507324,0.05644100904464722,3.423780918121338,-0.6815505027770996,-8.071001052856445,5.174152851104736,0.07229900360107422,2.6891770362854004,2.676745891571045,12.430402755737305,5.25636625289917,10.577560424804688
111,1.2050130367279053,6.8030314445495605,1.8243350982666016,0.5593628883361816,2.4999256134033203,-3.879338502883911,-0.30855509638786316,-3.9852194786071777,-7.4145050048828125,-4.565023422241211,-1.3359675407409668,0.8853277564048767,-0.30285462737083435,11.357961654663086,6.847733497619629,7.475615978240967
112,-11.598332405090332,-10.49184799194336,-13.778900146484375,-14.121932029724121,-11.313416481018066,-17.599971771240234,-14.925405502319336,-11.037158012390137,-16.618749618530273,-11.290143013000488,-10.335052490234375,-6.856644630432129,-9.235301971435547,5.213390827178955,-1.735369086265564,-2.5691046714782715
113,0.11672905087471008,-1.3537447452545166,-4.45462703704834,-1.1342272758483887,2.2879638671875,-4.339799880981445,0.08866646140813828,3.995043992996216,-17.590415954589844,-11.691043853759766,-11.084049224853516,-8.20859432220459,-1.3159843683242798,4.790392875671387,4.580725193023682,-2.91422700881958
114,2.1257896423339844,-2.5010862350463867,-2.313011407852173,0.38857302069664,2.7505788803100586,-2.68030047416687,0.5368835926055908,1.6597821712493896,1.5685189962387085,-0.2826578915119171,-2.211383819580078,0.11178363114595413,7.114548206329346,13.018651008605957,13.239386558532715,6.421225547790527
115,-8.695103645324707,-14.316650390625,-10.854068756103516,-9.503190994262695,-12.673454284667969,-11.761617660522461,-11.057549476623535,-14.020679473876953,-3.906346321105957,-5.8057732582092285,-7.323638916015625,-8.70004653930664,-7.922338485717773,-2.1571242809295654,-0.11487741023302078,0.08317595720291138
116,3.3542487621307373,3.3654990196228027,6.0055131912231445,-0.5815995931625366,-8.227304458618164,0.5940564274787903,2.0262291431427,-7.310186386108398,-5.83229923248291,-10.837797164916992,-5.166760444641113,-9.305954933166504,-8.890012741088867,-9.421305656433105,-4.432096004486084,-3.2107431888580322
117,-4.587832450866699,0.2822224795818329,3.6848392486572266,-7.2715888023376465,-13.416120529174805,-5.421465873718262,-3.83317494392395,-10.814903259277344,5.2243218421936035,-7.720299243927002,-4.982570648193359,-8.927072525024414,-9.748934745788574,0.694412350654602,-9.585013389587402,-8.750468254089355
118,4.552728176116943,6.376147270202637,8.32654857635498,10.34058952331543,10.230112075805664,6.490908622741699,11.165992736816406,7.5220255851745605,2.891727924346924,-4.82534646987915,-1.5236963033676147,-3.778090476989746,-2.933134078979492,2.502025842666626,-4.575751304626465,-6.395247936248779
119,6.947396755218506,7.473020553588867,13.003963470458984,20.75452423095703,20.863943099975586,12.219280242919922,17.14922332763672,15.448735237121582,8.82791805267334,12.180484771728516,13.661025047302246,17.738935470581055,19.26527214050293,15.67154312133789,15.918828010559082,14.15052318572998
120,-17.952009201049805,-14.887068748474121,-5.676411151885986,-3.511631488800049,-3.8734283447265625,-8.534036636352539,-8.149740219116211,-8.70961856842041,4.052831649780273,3.312363624572754,-0.9230115413665771,5.3156256675720215,4.924922943115234,9.915857315063477,2.756234645843506,7.146385669708252
121,-6.6390581130981445,-3.422196865081787,3.036348581314087,-1.7369608879089355,-0.8613365292549133,0.19195272028446198,-1.691859245300293,-4.123791217803955,-11.938973426818848,-15.292338371276855,-16.098730087280273,-16.31337547302246,-13.824939727783203,-14.872032165527344,-14.450963020324707,-9.308755874633789
122,1.514003872871399,3.9203710556030273,5.487008571624756,1.1013764142990112,-2.2682013511657715,0.7032915353775024,-2.4072957038879395,-2.620936632156372,-7.346364974975586,-6.422614574432373,-5.176358222961426,-9.993487358093262,-7.1087799072265625,-14.220609664916992,-10.190279006958008,-7.75169563293457
123,-0.11364765465259552,3.608276844024658,-3.9312894344329834,-1.1087688207626343,-5.105865001678467,-4.251021385192871,-10.002830505371094,-7.039096832275391,-1.0804942846298218,1.2600027322769165,-2.655038833618164,-8.525553703308105,-7.319469451904297,-9.8789644241333,-13.083809852600098,-9.214972496032715
124,16.066221237182617,16.842090606689453,6.947597503662109,10.227801322937012,7.314174652099609,12.566219329833984,5.663278579711914,9.653579711914062,12.228117942810059,11.368709564208984,10.172141075134277,2.6172759532928467,1.493711233139038,-8.227499961853027,-5.122078895568848,-2.553603410720825
125,8.055558204650879,6.0329389572143555,1.036758542060852,2.2211852073669434,-0.6142554879188538,7.298043251037598,2.2066383361816406,4.928097248077393,20.357765197753906,8.406681060791016,15.289443016052246,8.142104148864746,2.6269843578338623,-1.7617777585983276,-3.6137900352478027,-4.496042728424072
126,4.765725612640381,3.632845163345337,-2.842968463897705,3.366445302963257,1.2211990356445312,4.479372024536133,1.8922741413116455,1.2805298566818237,4.411633014678955,-3.4841091632843018,0.8145257234573364,-2.4170143604278564,-5.51857328414917,-0.23540663719177246,-8.716922760009766,-10.645965576171875
127,13.128579139709473,14.434544563293457,7.822019577026367,13.025460243225098,11.432718276977539,12.177910804748535,9.807588577270508,12.113482475280762,9.222722053527832,9.385069847106934,13.072233200073242,12.03809928894043,12.619786262512207,13.329538345336914,15.157037734985352,10.842580795288086
128,-9.631296157836914,-6.267106056213379,-10.968645095825195,-9.343682289123535,-11.140999794006348,-11.336277961730957,-12.573439598083496,-4.973568439483643,5.360973358154297,-0.15381388366222382,1.8996307849884033,1.8419365882873535,2.807453155517578,7.334407806396484,6.5979905128479,3.193700075149536
129,-7.334576606750488,-4.762922286987305,-10.192197799682617,-8.336052894592285,-9.092864990234375,-11.63843822479248,-9.451563835144043,-6.43242073059082,-13.166780471801758,-17.17428970336914,-17.78097152709961,-15.455619812011719,-12.733839988708496,-15.226058959960938,-12.009175300598145,-11.21016788482666
130,3.265953779220581,6.0365166664123535,5.177296161651611,1.7830076217651367,3.660628318786621,0.7164320945739746,4.16385555267334,3.621676445007324,-1.915459156036377,-2.030885696411133,-3.702303409576416,0.16577866673469543,-0.42932161688804626,-11.964675903320312,0.9217416048049927,2.9895448684692383
131,1.887940526008606,4.121012210845947,9.678314208984375,6.7597737312316895,7.930984973907471,5.411662578582764,10.290787696838379,7.827890396118164,-1.2345772981643677,4.561450481414795,1.018652081489563,5.158514976501465,1.525267481803894,-3.147097110748291,4.42003059387207,6.393983364105225
132,11.538100242614746,14.20842170715332,20.911069869995117,22.82621192932129,25.233896255493164,19.63309669494629,23.237279891967773,20.422016143798828,-2.0434679985046387,12.114291191101074,11.36368465423584,12.825762748718262,14.596575736999512,9.032618522644043,17.725791931152344,17.08207893371582
133,9.717049598693848,16.687084197998047,19.221633911132812,16.28473472595215,20.78515625,16.607234954833984,13.26922607421875,13.117693901062012,4.498434543609619,15.990676879882812,17.48332405090332,13.865666389465332,20.5357723236084,21.42963409423828,24.818830490112305,22.167888641357422
134,11.507894515991211,15.427740097045898,17.050628662109375,13.258232116699219,15.474093437194824,11.628310203552246,9.041704177856445,3.382869005203247,13.156049728393555,9.357699394226074,13.686260223388672,6.151851177215576,10.071547508239746,12.936335563659668,16.257354736328125,18.26134490966797
135,6.702361106872559,4.245127201080322,12.159259796142578,13.311379432678223,10.199883460998535,3.531156539916992,7.817190170288086,-4.333662509918213,11.741754531860352,5.616949558258057,6.366352081298828,2.6908817291259766,0.844179630279541,5.414981365203857,5.892282009124756,11.787524223327637
136,-3.3328590393066406,-7.8824663162231445,2.3042280673980713,3.390232563018799,-1.7881172895431519,-4.380085468292236,0.11538266390562057,-8.091012954711914,3.324049234390259,10.864157676696777,0.5914261937141418,0.4044291079044342,-1.88904869556427,2.0395498275756836,-0.4998088777065277,3.7543842792510986
137,-12.469611167907715,-20.522186279296875,-14.18700885772705,-11.594610214233398,-17.03717803955078,-13.649821281433105,-13.159624099731445,-17.085525512695312,-7.33582067489624,6.394649982452393,-5.875617027282715,-7.031000137329102,-9.518601417541504,-7.234264850616455,-12.998475074768066,-7.2311482429504395
138,-3.9950852394104004,-13.588345527648926,-12.233519554138184,-8.575295448303223,-16.141035079956055,-7.981933116912842,-9.97336483001709,-16.541702270507812,-16.303621292114258,-10.248875617980957,-12.167572975158691,-12.955451965332031,-21.270095825195312,-17.941944122314453,-28.71581268310547,-22.5271053314209
139,16.686786651611328,8.335670471191406,7.372424602508545,2.5129897594451904,-3.6458561420440674,8.27556324005127,3.8649356365203857,-0.515786349773407,-0.90916508436203,6.130249500274658,10.546841621398926,7.942399978637695,-4.140214920043945,-13.432533264160156,-14.373510360717773,-8.26793098449707
140,-3.020918846130371,-10.397222518920898,-11.262341499328613,-9.2329683303833,-12.505313873291016,-10.582216262817383,-12.944087982177734,-13.839442253112793,-4.387381076812744,-1.3929775953292847,-3.9597182273864746,-5.532964706420898,-10.621392250061035,-14.283195495605469,-18.403759002685547,-13.677355766296387
141,3.123284339904785,0.17791785299777985,1.3208951950073242,4.548165798187256,0.31168332695961,0.7507169246673584,2.315389633178711,-1.010249137878418,10.735579490661621,3.1375181674957275,5.163231372833252,2.2144808769226074,4.724812030792236,-6.992157936096191,-1.6952569484710693,-0.21969543397426605
142,-4.3333282470703125,-1.3631465435028076,-2.7384464740753174,-0.8797123432159424,-3.058803081512451,-4.544038772583008,-3.0899031162261963,-5.478392601013184,14.039345741271973,1.790530800819397,1.3748477697372437,-0.040026165544986725,6.052297592163086,0.542205810546875,2.4351792335510254,5.7955241203308105
143,-13.93268871307373,-12.105740547180176,-16.464365005493164,-13.178275108337402,-9.74351978302002,-12.527837753295898,-10.04525089263916,-10.552096366882324,-3.1377792358398438,-14.267068862915039,-14.7326078414917,-14.855545043945312,-8.309328079223633,-5.748907566070557,-9.219169616699219,-5.993961334228516
144,-11.032326698303223,-6.906630516052246,-10.755249977111816,-8.434464454650879,-4.815632343292236,-7.902458190917969,-1.490125060081482,-1.3376834392547607,-8.202973365783691,-14.784683227539062,-10.618629455566406,-7.583893299102783,-2.3624672889709473,-5.658969879150391,-4.063251972198486,-2.667100191116333
145,-11.032326698303223,-6.906630516052246,-10.755249977111816,-8.434464454650879,-4.815632343292236,-7.902458190917969,-1.490125060081482,-1.3376834392547607,-8.202973365783691,-14.784683227539062,-10.618629455566406,-7.583893299102783,-2.3624672889709473,-5.658969879150391,-4.063251972198486,-2.667100191116333
146,-6.230820178985596,0.8089920282363892,-1.3132094144821167,-3.675049066543579,-3.7214295864105225,-2.206055164337158,2.7845404148101807,2.028289318084717,-11.9685640335083,-5.509481430053711,-6.313195705413818,3.969991445541382,1.1211113929748535,-3.5127720832824707,-1.9153070449829102,-1.2462691068649292
147,-0.6457140445709229,5.772652626037598,-0.1013832688331604,-4.079330921173096,-6.265428066253662,2.102785587310791,1.5210466384887695,2.199281692504883,-0.22342325747013092,-3.0441505908966064,-0.041248854249715805,7.356307029724121,2.0165863037109375,-0.654433012008667,-0.46546459197998047,-3.7497332096099854
148,2.800917625427246,7.637836456298828,-0.28851792216300964,-6.50380277633667,-2.4492950439453125,1.4939011335372925,-1.0710952281951904,3.2798097133636475,12.062850952148438,-6.543249130249023,5.297919273376465,8.046855926513672,4.408840179443359,7.3327412605285645,5.784824371337891,-1.349761724472046
149,-1.2509067058563232,1.5020965337753296,-4.7480149269104,-7.9765191078186035,-1.0449278354644775,-2.9152331352233887,-3.376448392868042,1.9790418148040771,1.1537796258926392,-11.552027702331543,-2.8574252128601074,-1.2214980125427246,-2.133929491043091,8.119437217712402,0.7320969700813293,-5.947734832763672
150,0.8551132678985596,5.592859745025635,4.170615196228027,2.5507869720458984,1.513563632965088,2.582765817642212,0.17498454451560974,-1.0749714374542236,1.554110050201416,-10.113910675048828,-6.589693069458008,-6.6581501960754395,0.23041404783725739,4.22959566116333,2.5557401180267334,-5.127678871154785
151,8.585089683532715,12.645061492919922,10.46379566192627,11.424129486083984,9.275179862976074,7.967297077178955,7.208171844482422,4.274641036987305,1.8277692794799805,-4.473043918609619,-2.0376036167144775,-1.737227439880371,0.49742621183395386,-4.5172905921936035,4.437263011932373,-4.140513896942139
152,9.004223823547363,12.142666816711426,10.964322090148926,14.076604843139648,14.456782341003418,8.63994312286377,12.05975341796875,10.964457511901855,6.023820400238037,11.942187309265137,6.602943420410156,8.704875946044922,9.27852725982666,-0.5416446328163147,16.97748374938965,4.752631187438965
153,-3.614008665084839,-2.0653669834136963,2.320680856704712,3.8248724937438965,6.40797233581543,0.9220931529998779,5.225882053375244,4.0977067947387695,-4.2017951011657715,9.97673225402832,0.05121038481593132,4.572947025299072,9.978882789611816,11.48403263092041,17.65342140197754,7.301232814788818
154,-10.689435958862305,-10.626052856445312,-7.971409797668457,-6.583603382110596,-0.9675835967063904,-5.40603494644165,-1.235927700996399,-4.048711776733398,-17.765602111816406,-0.8233403563499451,-11.014256477355957,-7.974731922149658,-1.0093637704849243,11.549552917480469,4.257109642028809,-0.40365082025527954
155,9.004223823547363,12.142666816711426,10.964322090148926,14.076604843139648,14.456782341003418,8.63994312286377,12.05975341796875,10.964457511901855,6.023820400238037,11.942187309265137,6.602943420410156,8.704875946044922,9.27852725982666,-0.5416446328163147,16.97748374938965,4.752631187438965
156,-3.614008665084839,-2.0653669834136963,2.320680856704712,3.8248724937438965,6.40797233581543,0.9220931529998779,5.225882053375244,4.0977067947387695,-4.2017951011657715,9.97673225402832,0.05121038481593132,4.572947025299072,9.978882789611816,11.48403263092041,17.65342140197754,7.301232814788818
157,-10.689435958862305,-10.626052856445312,-7.971409797668457,-6.583603382110596,-0.9675835967063904,-5.40603494644165,-1.235927700996399,-4.048711776733398,-17.765602111816406,-0.8233403563499451,-11.014256477355957,-7.974731922149658,-1.0093637704849243,11.549552917480469,4.257109642028809,-0.40365082025527954
158,-5.56766414642334,-5.7415313720703125,-8.006312370300293,-7.453098773956299,0.5899109840393066,-0.8243976831436157,-1.2249592542648315,0.42057666182518005,-16.613370895385742,2.3944687843322754,-5.302681922912598,-1.7349098920822144,0.028406940400600433,6.565981388092041,2.9137136936187744,-0.22869229316711426
159,5.907644748687744,6.479771137237549,5.468951225280762,5.497744560241699,9.95921802520752,11.603536605834961,9.667221069335938,12.601034164428711,-7.969151973724365,5.069568634033203,-1.168140172958374,1.461479902267456,2.077420473098755,0.9772235751152039,3.0830280780792236,-1.6339707374572754
160,4.284355163574219,2.569047212600708,5.658529758453369,8.55491828918457,12.301576614379883,10.8626070022583,12.573067665100098,14.7381010055542,4.671584129333496,12.793421745300293,8.585171699523926,9.765445709228516,14.171619415283203,15.787877082824707,13.27305793762207,8.457233428955078
161,-2.932457447052002,-7.901469707489014,-3.2357125282287598,1.8060240745544434,5.407466411590576,2.617304801940918,4.009103775024414,7.096739292144775,11.526060104370117,19.41793441772461,14.964491844177246,18.756879806518555,23.911922454833984,23.51383399963379,21.677614212036133,17.007923126220703
162,2.755915880203247,-4.2623796463012695,-0.4537719488143921,2.9931600093841553,4.146074295043945,4.198358535766602,2.5470969676971436,1.6809552907943726,-4.184593200683594,5.487966060638428,-2.912662982940674,2.853821277618408,1.6578357219696045,1.8902384042739868,-0.4160471260547638,-5.450827121734619
163,0.6253826022148132,-6.558990955352783,-1.6228047609329224,-1.0641998052597046,-0.16842730343341827,3.405480146408081,-2.1145434379577637,0.461483895778656,0.18562254309654236,10.552221298217773,5.505066394805908,6.497992515563965,2.4353930950164795,0.410761296749115,2.71984601020813,-3.3205440044403076
164,-8.168460845947266,-15.972041130065918,-10.80158519744873,-9.68642807006836,-9.792915344238281,-8.4645357131958,-11.724766731262207,-6.674829959869385,5.520199298858643,3.024299144744873,2.598301887512207,2.7978947162628174,-1.5962145328521729,-3.9592642784118652,-0.38331305980682373,-4.130374908447266
165,3.5656445026397705,1.5191065073013306,6.5126190185546875,2.197206497192383,-1.7503228187561035,1.4741969108581543,1.5003894567489624,1.8338772058486938,6.707642078399658,0.12635363638401031,1.4998130798339844,-4.019773483276367,-10.18724536895752,-1.2341372966766357,-14.975570678710938,-8.325644493103027
166,0.5833005309104919,-1.7223742008209229,6.491947174072266,2.938784122467041,0.6674314737319946,1.6101847887039185,0.993491530418396,0.7722902297973633,12.477770805358887,2.252013921737671,4.135404109954834,0.7015324831008911,-6.981679916381836,-1.3846248388290405,-6.099568843841553,3.2645156383514404
167,-10.518157005310059,-10.54622745513916,-5.630245685577393,-7.050719261169434,-9.85948657989502,-6.916422367095947,-10.053685188293457,-7.880459785461426,-1.7200822830200195,-8.521020889282227,-4.448712348937988,-3.3007097244262695,-13.4498929977417,-11.859782218933105,-9.30252742767334,2.581751823425293
168,-17.009654998779297,-13.615212440490723,-12.927136421203613,-14.326703071594238,-12.14207649230957,-12.192936897277832,-14.188008308410645,-10.863789558410645,-19.172935485839844,-24.574621200561523,-16.804977416992188,-9.191299438476562,-16.273170471191406,-15.537238121032715,-12.712191581726074,-8.070228576660156
169,-3.071796178817749,-2.7274885177612305,0.760945737361908,-0.32333511114120483,8.336709022521973,-1.7483562231063843,-1.8180748224258423,-1.1569844484329224,-19.719966888427734,-20.612682342529297,-13.174883842468262,-10.574236869812012,-4.780594825744629,-8.385650634765625,3.2147130966186523,0.7545546293258667
170,8.995027542114258,8.737590789794922,11.628745079040527,13.184660911560059,20.04679298400879,7.659320831298828,8.299501419067383,6.172324180603027,-4.995102405548096,-9.262368202209473,-0.7786598801612854,-9.295431137084961,6.0198893547058105,1.866594672203064,17.447004318237305,18.013179779052734
171,11.872956275939941,14.334932327270508,15.90259838104248,13.182839393615723,14.952604293823242,13.313789367675781,11.109452247619629,9.766063690185547,12.846323013305664,2.530123472213745,11.090421676635742,-2.988588333129883,13.300271034240723,11.173528671264648,19.65314292907715,20.46480369567871
172,8.317273139953613,8.609013557434082,11.044787406921387,3.4402642250061035,4.987951278686523,11.492901802062988,5.731932640075684,12.572449684143066,16.903274536132812,9.308527946472168,14.454689025878906,6.741062641143799,12.730420112609863,11.996590614318848,8.49073600769043,5.12946081161499
173,3.6901962757110596,1.3040140867233276,-1.263578176498413,-6.0514397621154785,-4.512144565582275,2.979980230331421,-2.597724437713623,9.35910415649414,18.0803165435791,9.41408634185791,13.63688850402832,14.804483413696289,12.025012969970703,9.640399932861328,-0.506087064743042,-4.510725021362305
174,-0.49899914860725403,-3.8063366413116455,-10.797239303588867,-11.520302772521973,-11.352895736694336,-5.621311187744141,-9.456212997436523,-3.202738046646118,12.437986373901367,4.477564334869385,2.213188648223877,0.6380876302719116,-2.2376246452331543,-1.5655399560928345,-14.191733360290527,-13.975092887878418
175,-6.140139579772949,-7.701478481292725,-12.991472244262695,-14.428253173828125,-13.899415969848633,-11.593273162841797,-12.463542938232422,-10.853322982788086,4.949193477630615,-1.0142987966537476,-4.282198905944824,-15.876670837402344,-12.052131652832031,-10.890999794006348,-14.524222373962402,-13.497815132141113
176,10.51660442352295,7.83760929107666,0.2639842629432678,4.1214070320129395,6.601537227630615,3.0334601402282715,5.5981340408325195,5.968238830566406,4.5067315101623535,3.071866750717163,0.3217819035053253,-16.709875106811523,-1.8177810907363892,-6.956748962402344,3.858471393585205,-0.07509852945804596
177,15.189118385314941,16.825044631958008,8.946297645568848,14.939735412597656,18.896514892578125,10.851688385009766,11.737186431884766,12.831986427307129,12.99160099029541,23.79153060913086,12.085734367370605,3.232755184173584,16.24400520324707,14.308280944824219,23.287004470825195,17.855575561523438
178,-12.367778778076172,-2.455458402633667,-7.008650779724121,-7.075424671173096,-5.166914939880371,-10.953832626342773,-12.530048370361328,-9.608797073364258,5.60117244720459,20.609054565429688,4.253427028656006,4.164896011352539,12.45875358581543,18.793752670288086,16.666330337524414,14.286876678466797
179,-15.811493873596191,-7.37518310546875,-14.677458763122559,-14.452417373657227,-13.481407165527344,-15.973962783813477,-17.504446029663086,-18.235567092895508,-25.352750778198242,-11.348285675048828,-21.0611515045166,-23.908105850219727,-13.282822608947754,-4.327404022216797,-13.808812141418457,-12.134281158447266
180,-15.811493873596191,-7.37518310546875,-14.677458763122559,-14.452417373657227,-13.481407165527344,-15.973962783813477,-17.504446029663086,-18.235567092895508,-25.352750778198242,-11.348285675048828,-21.0611515045166,-23.908105850219727,-13.282822608947754,-4.327404022216797,-13.808812141418457,-12.134281158447266
181,-7.783905506134033,-1.838975429534912,-9.595580101013184,-6.854111671447754,-8.233011245727539,-8.524884223937988,-8.855039596557617,-8.879612922668457,-26.746089935302734,-12.452004432678223,-13.290453910827637,-17.183761596679688,-10.836589813232422,-9.40649700164795,-11.226696968078613,-11.168161392211914
182,-14.932567596435547,-6.305047988891602,-10.418538093566895,-6.2517900466918945,-14.317499160766602,-12.312811851501465,-9.958484649658203,-8.463058471679688,-25.059890747070312,-13.124709129333496,-8.84105110168457,-9.032671928405762,-9.573549270629883,-8.319493293762207,-8.16627311706543,-10.286731719970703
183,-13.105806350708008,-1.5994691848754883,-1.1389135122299194,2.983785629272461,-6.571741580963135,-6.690491199493408,-0.892249345779419,-2.5433692932128906,-26.439294815063477,-15.404319763183594,-9.4547700881958,-4.494466781616211,-8.325118064880371,-8.37632942199707,-8.525538444519043,-10.482020378112793
184,-8.902472496032715,-1.5705187320709229,0.5683459043502808,5.6221723556518555,-1.0542793273925781,-3.0464510917663574,3.8767051696777344,0.624387264251709,-19.294536590576172,-7.228522300720215,-6.893399238586426,3.9671459197998047,-2.151684045791626,0.3110208213329315,-3.3621468544006348,-5.098177433013916
185,2.8794007301330566,0.2702621519565582,1.5368820428848267,4.061251163482666,1.0737212896347046,1.8481956720352173,5.657463550567627,1.5659527778625488,-4.948544025421143,-2.390063762664795,-4.500890254974365,0.7261207103729248,-3.3014161586761475,0.8880898356437683,-5.334078788757324,-2.3676884174346924
186,16.840147018432617,11.403088569641113,12.341175079345703,10.992497444152832,8.331243515014648,12.12138557434082,14.587545394897461,11.252331733703613,21.889036178588867,10.325189590454102,8.84446907043457,12.517938613891602,5.804596900939941,1.2969083786010742,1.9460656642913818,7.966857433319092
187,7.650082111358643,3.209829568862915,6.222397804260254,7.3794636726379395,2.7974233627319336,6.766821384429932,9.973165512084961,10.651507377624512,28.88096809387207,12.282617568969727,9.601330757141113,19.450532913208008,6.426687717437744,5.850011348724365,3.282156467437744,7.866014003753662
188,4.44035005569458,-1.0208449363708496,4.838195323944092,5.473729610443115,4.310283660888672,5.738328456878662,9.91142463684082,10.5310697555542,10.590892791748047,4.351180076599121,4.310996055603027,11.603840827941895,4.709751605987549,8.692089080810547,2.7415785789489746,1.4288928508758545
189,2.5591611862182617,-0.48401960730552673,3.511650323867798,0.5299624800682068,3.4672014713287354,3.5315213203430176,3.9010009765625,7.113796234130859,15.565605163574219,2.9320998191833496,8.845333099365234,13.700557708740234,11.245012283325195,4.901329040527344,10.41030502319336,4.043919086456299
190,-1.2853913307189941,-3.8709638118743896,-5.000846862792969,-6.944173336029053,-5.185329914093018,-1.013296127319336,-8.245285987854004,-2.2640507221221924,13.70971965789795,-5.770450115203857,3.049750328063965,9.63316535949707,5.106141090393066,-1.039919137954712,6.06445837020874,0.25068867206573486
191,15.951375007629395,13.0694580078125,7.876004695892334,7.5613112449646,7.046288013458252,15.16551399230957,7.20632266998291,7.003710746765137,4.854375839233398,-5.544732570648193,5.722596168518066,7.19277811050415,2.2700233459472656,-3.489617109298706,2.788339853286743,-2.030059814453125
192,6.3445940017700195,3.6033129692077637,3.821345806121826,-0.22145023941993713,1.9529966115951538,5.997180938720703,0.7812328338623047,0.16888152062892914,12.634354591369629,4.8280816078186035,16.61483383178711,12.223014831542969,6.890919208526611,3.462007999420166,6.521691799163818,8.824763298034668
193,-13.78584098815918,-18.844009399414062,-9.843049049377441,-16.122785568237305,-12.39742374420166,-11.837895393371582,-14.590239524841309,-16.815595626831055,-9.175797462463379,-11.815155982971191,-4.925235271453857,-11.104110717773438,-11.606122016906738,-7.084569454193115,-10.046540260314941,-0.6197198033332825
194,-4.4025774002075195,-6.805117130279541,0.9480012655258179,-1.1989619731903076,1.8251053094863892,1.6944304704666138,2.2950241565704346,-3.894299268722534,-23.60530662536621,-18.739477157592773,-11.984646797180176,-15.533721923828125,-12.632224082946777,-14.288558959960938,-9.88808536529541,-2.9932057857513428
195,2.8520874977111816,7.823099136352539,10.342485427856445,8.774337768554688,12.463663101196289,11.994421005249023,12.152457237243652,9.390460014343262,-5.950210094451904,-5.1449384689331055,6.390336036682129,7.643136978149414,11.081926345825195,7.291257381439209,11.71376895904541,11.951255798339844
196,-0.830877959728241,6.31398344039917,2.890446424484253,0.4233892858028412,6.502742767333984,4.507755279541016,4.005360126495361,3.6980044841766357,-5.475390434265137,-2.85158634185791,3.477844476699829,4.752594470977783,8.818976402282715,14.60590648651123,9.704458236694336,10.102355003356934
197,-1.1672718524932861,1.4816464185714722,-3.7793257236480713,-4.563548564910889,2.8093225955963135,-3.294782876968384,-0.5387287735939026,-2.064258098602295,-9.859814643859863,-3.7132155895233154,-4.857314109802246,-3.3315937519073486,-3.3331103324890137,5.105691432952881,1.5354548692703247,8.908514976501465
198,-1.4115368127822876,-3.3735849857330322,-4.131827354431152,-5.36469841003418,0.4865007698535919,-3.4026107788085938,-0.13665787875652313,0.6947243213653564,0.2708657383918762,-4.265854358673096,-5.740748882293701,-2.334224224090576,-6.188714981079102,-0.8202418684959412,-1.0507311820983887,7.896500110626221
199,-2.1226658821105957,-5.570453643798828,-4.240472793579102,-6.949761390686035,-2.7405834197998047,1.53062105178833,0.7901319265365601,6.699822902679443,4.731794834136963,1.7666198015213013,-2.2089343070983887,1.2496358156204224,-2.43176007270813,0.28270554542541504,-0.29989564418792725,2.451362133026123
200,8.841503143310547,4.095113277435303,-5.653999328613281,-2.9428775310516357,-1.1225664615631104,4.644802570343018,0.27960479259490967,5.647552967071533,-4.917749881744385,7.67501163482666,0.5173859596252441,1.422456979751587,-0.2905060350894928,7.207005977630615,-3.941693067550659,-6.62681245803833
201,2.3627371788024902,-3.252786636352539,-5.595073699951172,-6.912973403930664,-5.927393913269043,-6.9163360595703125,-7.637519836425781,-1.6750361919403076,8.084909439086914,14.401613235473633,4.939513206481934,5.267063140869141,3.7680532932281494,8.6929931640625,1.3261735439300537,-2.1492300033569336
202,-5.462360858917236,-7.378384590148926,-4.488965034484863,-4.71434211730957,-5.018650531768799,-14.4385986328125,-8.735831260681152,-9.67052173614502,4.716422080993652,6.131415843963623,-0.9107640385627747,-1.984457015991211,-0.5451127886772156,-0.9703536629676819,-1.277435064315796,-1.3013540506362915
203,0.5825979709625244,4.598254203796387,8.710718154907227,11.01296615600586,7.213264465332031,-4.311638832092285,3.3763012886047363,-5.600262641906738,-1.4748303890228271,-1.250984787940979,-3.012032985687256,-5.306552886962891,-4.426949977874756,-6.715165615081787,-1.5499781370162964,2.6044483184814453
204,1.1325737237930298,6.225253105163574,8.292915344238281,11.812556266784668,4.419021129608154,-3.3179996013641357,1.6735234260559082,-5.820629119873047,-4.962348937988281,5.059324264526367,-1.158974051475525,-4.2994914054870605,-2.969957113265991,-7.16209077835083,0.8563703894615173,3.3187530040740967
205,2.6387734413146973,9.229910850524902,3.2522895336151123,6.938455581665039,1.5097296237945557,-2.515198230743408,-3.0340216159820557,-2.9560694694519043,-2.0525400638580322,5.129744529724121,-0.7013734579086304,-1.6072230339050293,0.9950870275497437,-6.5745849609375,1.9232840538024902,2.1126017570495605
206,-5.709251880645752,0.2518380880355835,-3.446118116378784,-2.5480716228485107,-7.093499660491943,-8.130472183227539,-11.699373245239258,-7.471785545349121,-2.578803300857544,-3.5212104320526123,-2.602719306945801,5.109696388244629,1.5096889734268188,-1.0524617433547974,0.6605467796325684,-0.6832695603370667
207,-11.098273277282715,-8.260910034179688,-4.784397602081299,-4.598099231719971,-9.194063186645508,-11.661365509033203,-10.64268970489502,-11.193005561828613,-13.800827980041504,-11.472970962524414,-12.315317153930664,-5.5808024406433105,-8.87363338470459,-9.217931747436523,-10.059172630310059,-13.807882308959961
208,-7.724379539489746,-8.046241760253906,1.1558703184127808,0.9578184485435486,-4.155008792877197,-6.749149322509766,-2.7003374099731445,-4.1337809562683105,-4.6584858894348145,-2.4232122898101807,-8.099278450012207,-8.804145812988281,-5.995408058166504,-6.731543064117432,-9.723971366882324,-11.501718521118164
209,-3.792970657348633,-6.519550323486328,3.521145820617676,3.677738904953003,-1.9470325708389282,-2.582547426223755,0.6607071757316589,0.18967393040657043,0.9363004565238953,4.320279121398926,-3.8481571674346924,-6.969383716583252,-5.876952648162842,-6.9151787757873535,-10.153876304626465,-7.666370391845703
210,-3.792970657348633,-6.519550323486328,3.521145820617676,3.677738904953003,-1.9470325708389282,-2.582547426223755,0.6607071757316589,0.18967393040657043,0.9363004565238953,4.320279121398926,-3.8481571674346924,-6.969383716583252,-5.876952648162842,-6.9151787757873535,-10.153876304626465,-7.666370391845703
211,11.39410400390625,11.090781211853027,12.7012939453125,13.88143539428711,14.431051254272461,12.460524559020996,13.93152904510498,14.874958038330078,7.448139667510986,11.19223690032959,7.862161636352539,5.914865970611572,4.647946357727051,1.8259220123291016,3.0519509315490723,6.787451267242432
212,6.202885627746582,7.32085657119751,9.56338119506836,7.478752613067627,11.425507545471191,10.353623390197754,9.645222663879395,10.888230323791504,13.8277006149292,16.578731536865234,15.134490013122559,15.305974960327148,16.11309051513672,18.304536819458008,17.249046325683594,15.916529655456543
213,-0.8697212934494019,-0.5762174129486084,4.048468112945557,1.5133850574493408,3.49761700630188,3.469416379928589,2.6582448482513428,-0.19327746331691742,1.9592300653457642,7.151418685913086,5.697525501251221,3.7713873386383057,4.625792026519775,7.186503887176514,10.090017318725586,7.784526348114014
214,0.82826167345047,-0.8502984642982483,2.9062418937683105,1.353482961654663,1.141705870628357,1.8482234477996826,2.8902106285095215,-0.5928943753242493,1.757535457611084,-1.485682725906372,-1.0003334283828735,-5.750092506408691,-5.33024787902832,-3.4177305698394775,-0.19275453686714172,3.0682919025421143
215,0.82826167345047,-0.8502984642982483,2.9062418937683105,1.353482961654663,1.141705870628357,1.8482234477996826,2.8902106285095215,-0.5928943753242493,1.757535457611084,-1.485682725906372,-1.0003334283828735,-5.750092506408691,-5.33024787902832,-3.4177305698394775,-0.19275453686714172,3.0682919025421143
216,-6.364797115325928,-8.925463676452637,-5.1884989738464355,-6.400362968444824,-9.771476745605469,-4.554815292358398,-5.119602203369141,-8.44393539428711,-2.1771953105926514,-9.0426607131958,-9.54488468170166,-12.507471084594727,-10.027003288269043,-4.323587417602539,-11.960731506347656,-8.291289329528809
217,5.1071953773498535,4.526288986206055,4.304164409637451,4.917028903961182,1.055190920829773,9.760605812072754,4.921386241912842,4.442385196685791,-2.3364171981811523,-2.1338775157928467,1.5652194023132324,-1.3251904249191284,0.6888109445571899,-2.145219326019287,-3.753269910812378,-2.2486865520477295
218,8.0043306350708,7.4201340675354,2.7177350521087646,6.386820316314697,4.885540962219238,12.709324836730957,7.310694694519043,11.601343154907227,1.8277698755264282,4.198873996734619,7.007603645324707,5.511690616607666,6.916133880615234,9.397295951843262,4.620756149291992,0.9296748042106628
219,1.870172142982483,-0.8957934975624084,-7.0769429206848145,-3.816582202911377,-0.5025297999382019,0.9793022871017456,-2.7202870845794678,1.0028640031814575,4.505354404449463,4.576585292816162,3.0802059173583984,4.954315185546875,6.068006992340088,13.237493515014648,5.513274669647217,-1.5881052017211914
220,-2.7781834602355957,-4.2227277755737305,-5.840101718902588,-3.1552839279174805,-0.11918319761753082,-2.5934207439422607,-2.578535556793213,-0.7606578469276428,4.815845489501953,-1.3351309299468994,0.71080082654953,4.01940393447876,2.986254930496216,11.328472137451172,8.580530166625977,7.640237331390381
221,-7.662032127380371,-7.820724964141846,-9.16580867767334,-6.45701789855957,-6.12936544418335,-5.945536136627197,-4.538748741149902,-3.0511043071746826,-7.658180236816406,-11.915114402770996,-6.530882835388184,-0.7621248960494995,-4.468424320220947,-0.44914689660072327,-3.6343743801116943,-4.365346431732178
222,2.583885908126831,3.336404323577881,2.4370598793029785,3.411024332046509,1.5533411502838135,2.842137336730957,4.064547061920166,2.0910096168518066,-5.848917484283447,-7.715077877044678,-3.3341214656829834,0.8219955563545227,-3.964094400405884,-4.148056983947754,-5.609670639038086,-6.599697589874268
223,9.3339262008667,12.751790046691895,10.751859664916992,8.929481506347656,6.984360694885254,9.115931510925293,8.785253524780273,2.793621778488159,8.455119132995605,5.796036243438721,9.359845161437988,7.169924259185791,-0.9831178188323975,-0.8508906960487366,-3.529021739959717,0.2586837112903595
224,12.002754211425781,15.256373405456543,15.442113876342773,9.793269157409668,11.197166442871094,10.755915641784668,13.3932523727417,12.073027610778809,15.43688678741455,12.953327178955078,19.183998107910156,18.99515151977539,8.72550106048584,3.4763994216918945,3.1359357833862305,9.693824768066406
225,0.618567943572998,2.103684425354004,3.3999204635620117,-0.09164030104875565,2.9312245845794678,1.8798035383224487,3.3011560440063477,11.646090507507324,1.3899201154708862,0.8231452107429504,8.155346870422363,12.959500312805176,7.308773040771484,2.403017997741699,2.403384208679199,5.55256462097168
226,-1.733166217803955,-2.4929943084716797,-8.214773178100586,-7.538598537445068,-6.596663475036621,-3.1052699089050293,-7.022653102874756,-1.3219470977783203,-10.455567359924316,-11.062230110168457,-4.96287727355957,-1.1607242822647095,-1.749155879020691,-7.275238513946533,-4.011320114135742,-4.911227226257324
227,-2.624767541885376,-3.6706290245056152,-12.22214126586914,-11.629439353942871,-15.229669570922852,-9.405107498168945,-14.16628646850586,-13.30776596069336,-0.7868881225585938,-7.049498558044434,-4.515209674835205,-4.29809045791626,-3.159105062484741,-9.539802551269531,-3.2436583042144775,-7.6502299308776855
228,-2.4594268798828125,-1.3024946451187134,-7.901481628417969,-6.497506141662598,-14.062682151794434,-10.355674743652344,-10.404126167297363,-15.173455238342285,-4.973446369171143,-9.301492691040039,-11.552165985107422,-13.295010566711426,-14.454049110412598,-20.971446990966797,-14.879240989685059,-20.21202278137207
229,12.765559196472168,11.416566848754883,8.462882995605469,10.5095853805542,3.2779932022094727,4.833876609802246,5.534313678741455,-0.44227108359336853,7.0225090980529785,4.556947708129883,3.9599900245666504,3.9238932132720947,0.635427713394165,-14.456062316894531,-2.0770955085754395,-5.629022598266602
230,12.765559196472168,11.416566848754883,8.462882995605469,10.5095853805542,3.2779932022094727,4.833876609802246,5.534313678741455,-0.44227108359336853,7.0225090980529785,4.556947708129883,3.9599900245666504,3.9238932132720947,0.635427713394165,-14.456062316894531,-2.0770955085754395,-5.629022598266602
231,2.7683932781219482,0.7855402231216431,2.3765482902526855,1.046097993850708,-0.7979176640510559,-3.9029130935668945,-3.6905555725097656,-7.986842155456543,13.193674087524414,8.593128204345703,6.585230350494385,9.248146057128906,5.327183723449707,0.4485207498073578,4.448117256164551,7.578289031982422
232,-11.378993034362793,-10.571913719177246,-11.002309799194336,-13.263797760009766,-11.12656307220459,-14.581063270568848,-15.226422309875488,-20.457944869995117,-4.977243900299072,-9.291894912719727,-13.532205581665039,-15.823223114013672,-14.751524925231934,-9.782081604003906,-9.455008506774902,-3.509791374206543
233,-8.047550201416016,-8.654138565063477,-8.968369483947754,-8.674846649169922,-9.895708084106445,-5.687027454376221,-10.271398544311523,-17.757787704467773,-10.377349853515625,-11.960700035095215,-14.704378128051758,-21.252534866333008,-15.761573791503906,-8.31233024597168,-8.553022384643555,-6.508079528808594
234,0.44780129194259644,0.9418593049049377,3.180952548980713,5.045488357543945,0.0019628475420176983,6.013850688934326,3.053677558898926,-5.97194242477417,-3.0633692741394043,4.916071891784668,-3.993195056915283,-11.207763671875,-5.515812397003174,-2.5519423484802246,-1.8195452690124512,-1.8986461162567139
235,-7.385587692260742,-6.0831074714660645,4.310585975646973,5.281545162200928,4.19029426574707,-3.035275936126709,5.875135898590088,-8.48332405090332,-9.5111665725708,0.9744327068328857,-5.385925769805908,-2.918264865875244,0.5704432129859924,2.03489351272583,-1.1855636835098267,2.9546456336975098
236,-4.021144866943359,-9.467148780822754,7.395607948303223,5.367437839508057,8.288299560546875,2.0294029712677,6.788683891296387,-4.599146366119385,-6.22316837310791,0.470599889755249,-1.090388298034668,-0.14611180126667023,5.31452751159668,8.331343650817871,3.5567517280578613,7.430500507354736
237,-1.5752296447753906,-9.817286491394043,7.1727423667907715,4.2846245765686035,6.404849529266357,6.573957443237305,7.454139709472656,1.9484663009643555,0.4377951920032501,5.17804479598999,11.09448528289795,3.3457865715026855,12.81405258178711,12.072580337524414,9.196267127990723,17.394922256469727
238,6.735245227813721,1.679032325744629,9.003276824951172,10.682982444763184,10.783215522766113,8.693828582763672,15.221396446228027,9.197212219238281,-4.966691017150879,0.8196406364440918,5.505898475646973,-0.5251603722572327,3.7245450019836426,4.061745643615723,0.13864067196846008,10.966351509094238
239,5.273365497589111,1.131165862083435,2.4460480213165283,7.438670635223389,6.149082660675049,0.8538504242897034,9.831255912780762,5.641271114349365,1.2935941219329834,7.085806846618652,7.587352275848389,2.5519917011260986,5.961887836456299,6.508399963378906,1.566856026649475,11.93306827545166
240,-8.4277925491333,-13.324277877807617,-10.612725257873535,-7.796252250671387,-13.211874008178711,-12.716623306274414,-9.236889839172363,-8.123343467712402,5.987975597381592,3.293560266494751,6.300448417663574,3.9234464168548584,4.096068382263184,5.380173206329346,-2.4387073516845703,4.514096736907959
241,-14.569246292114258,-14.853958129882812,-17.751230239868164,-16.569385528564453,-22.297115325927734,-15.99941349029541,-18.339569091796875,-14.369894027709961,-7.407618999481201,-20.934768676757812,-13.842947959899902,-11.520224571228027,-19.63888931274414,-17.68344497680664,-26.056615829467773,-23.1597900390625
242,-9.551218032836914,-4.890523910522461,-12.150554656982422,-12.304572105407715,-13.892762184143066,-11.053513526916504,-12.77187442779541,-6.1222734451293945,-6.975490570068359,-19.634937286376953,-10.145086288452148,-11.786142349243164,-14.86694049835205,-18.104713439941406,-19.535030364990234,-18.16936683654785
243,8.268834114074707,14.358247756958008,7.914554595947266,8.373909950256348,9.395344734191895,4.5894622802734375,6.071493625640869,14.160675048828125,4.086155414581299,-4.867397308349609,5.049355506896973,6.376018047332764,8.283554077148438,-2.2380661964416504,6.868024826049805,4.614883899688721
244,15.329374313354492,23.015884399414062,14.872170448303223,18.657140731811523,18.602340698242188,10.622415542602539,16.45221519470215,20.248655319213867,6.44929313659668,2.3905351161956787,5.929731845855713,14.168039321899414,10.88187313079834,5.485878944396973,12.516969680786133,10.468453407287598
245,9.474123001098633,17.416540145874023,8.738726615905762,9.061216354370117,8.95251178741455,4.984851360321045,8.480167388916016,12.01309871673584,5.122470378875732,7.388927936553955,9.240618705749512,13.433008193969727,8.757067680358887,9.318753242492676,11.277939796447754,12.701788902282715
246,1.7792816162109375,4.311147689819336,-2.3095145225524902,-6.012136936187744,-0.2731972932815552,0.16979600489139557,-4.060199737548828,3.684119939804077,3.28853702545166,2.413494110107422,4.665215492248535,7.832350254058838,1.3953315019607544,1.905426025390625,1.9698994159698486,4.284332275390625
247,-1.9290589094161987,-0.6905768513679504,-6.150030612945557,-11.428956985473633,-2.4497716426849365,-0.731971025466919,-4.727058410644531,2.051136016845703,5.3123955726623535,-1.780151605606079,-1.7370685338974,2.604631185531616,-4.214050769805908,-5.1457319259643555,-4.762588977813721,-4.408167839050293
248,0.43262091279029846,4.6709089279174805,-2.352574586868286,-6.441559314727783,1.7123867273330688,0.6687191724777222,0.6907994151115417,5.292788982391357,5.826051712036133,2.1113975048065186,-0.10259310901165009,1.7234914302825928,2.1371006965637207,-3.218611717224121,-0.3623028099536896,-3.705052375793457
249,-4.039917469024658,-2.365798234939575,-8.56304931640625,-10.853072166442871,-7.0245041847229,-5.877320766448975,-7.381692886352539,-3.087128162384033,-1.656491994857788,1.3565212488174438,-6.226935386657715,-3.592641592025757,-2.417987585067749,-6.524857521057129,-6.1677937507629395,-12.3356294631958
250,4.207525730133057,3.8747050762176514,-2.5560786724090576,-0.8349712491035461,2.866122007369995,6.029443740844727,1.9332048892974854,6.9778947830200195,-4.112877368927002,7.0810370445251465,-6.64760684967041,-1.930584192276001,-3.144263982772827,-4.73798131942749,-0.09769104421138763,-9.05579662322998
251,-10.216418266296387,-11.307638168334961,-15.113088607788086,-16.835073471069336,-12.911806106567383,-9.514573097229004,-14.40034008026123,-8.995233535766602,-1.261076807975769,13.501497268676758,-5.842835903167725,0.6364629864692688,-5.447774887084961,3.203624725341797,-1.8245701789855957,-11.529458045959473
252,-18.037864685058594,-20.49412727355957,-23.839950561523438,-24.660049438476562,-21.445505142211914,-18.9757137298584,-24.435625076293945,-19.820240020751953,-13.9765625,-2.3777613639831543,-12.4813814163208,-9.157025337219238,-14.860997200012207,-10.349352836608887,-11.569147109985352,-16.73894691467285
253,-3.431560516357422,-5.901753902435303,-9.154997825622559,-7.998620510101318,-4.936145782470703,-5.063746929168701,-5.197136402130127,-6.750552177429199,-9.522562026977539,-10.332679748535156,-10.43319320678711,-12.019768714904785,-10.952682495117188,-17.83938980102539,-7.287642002105713,-12.138371467590332
254,3.1851613521575928,1.427556037902832,5.797593116760254,4.537224769592285,5.176164150238037,4.308882236480713,7.127700328826904,2.1920828819274902,0.9383896589279175,-6.498658657073975,-3.1153769493103027,-4.321937561035156,1.8386452198028564,0.24821476638317108,4.994297504425049,-1.4411964416503906
255,7.838921070098877,8.199636459350586,16.71752166748047,14.34381103515625,12.057084083557129,11.946403503417969,12.764053344726562,6.606304168701172,-2.9544625282287598,-2.989311456680298,5.3639678955078125,0.24048888683319092,10.400924682617188,15.740875244140625,11.640693664550781,7.728206157684326
256,2.7463033199310303,5.092663764953613,14.567087173461914,9.190925598144531,4.063797473907471,10.094735145568848,6.9835896492004395,4.158163547515869,-1.8363419771194458,1.1133239269256592,9.742457389831543,1.8843659162521362,7.362957954406738,16.033723831176758,9.035550117492676,7.092051982879639
257,4.547688007354736,6.0369181632995605,10.559111595153809,6.554685592651367,2.175609588623047,13.03312873840332,7.390323638916016,9.679595947265625,-1.4680919647216797,-0.35622891783714294,5.3544487953186035,2.9886386394500732,-0.8353819251060486,6.966734409332275,-0.9215320348739624,-3.3110849857330322
258,11.002603530883789,9.543641090393066,8.535207748413086,5.9474592208862305,7.92788553237915,15.666736602783203,13.421524047851562,16.78728485107422,4.610841751098633,7.671092510223389,14.89951229095459,13.272513389587402,8.558870315551758,11.549568176269531,4.579789161682129,3.053534746170044
259,13.738471984863281,10.125312805175781,10.416434288024902,11.097362518310547,16.9986572265625,15.60241413116455,17.798608779907227,19.613338470458984,11.51869010925293,13.257061004638672,18.948570251464844,16.465349197387695,16.32625389099121,11.569271087646484,13.026311874389648,14.772890090942383
260,-0.5269812345504761,-4.1524128913879395,-1.2644597291946411,1.9482450485229492,7.550052165985107,1.557958722114563,2.1236815452575684,6.427053928375244,4.262475967407227,7.5192952156066895,3.201341390609741,5.04321813583374,8.024124145507812,9.302865028381348,8.811891555786133,11.905078887939453
261,-16.835336685180664,-17.429882049560547,-14.778695106506348,-15.778971672058105,-8.995467185974121,-12.55986499786377,-16.203046798706055,-10.222006797790527,-2.2792670726776123,1.293737530708313,-7.181971073150635,-6.5343098640441895,-3.8647544384002686,1.5601136684417725,2.0233020782470703,0.02407340332865715
262,-0.687628984451294,2.37180757522583,-0.34215104579925537,2.3531999588012695,7.114536762237549,5.353971004486084,1.0824614763259888,2.2204205989837646,1.366594910621643,-2.8571293354034424,-6.917990207672119,-9.013934135437012,-6.8906097412109375,-8.459611892700195,0.18242798745632172,-2.9279837608337402
263,6.487833023071289,7.760521411895752,9.165459632873535,9.902018547058105,10.597519874572754,9.389090538024902,10.48692512512207,9.79732894897461,13.957098960876465,7.421164035797119,3.8343286514282227,3.088578224182129,5.489617347717285,5.9653191566467285,9.160513877868652,7.230222702026367
264,-5.346153259277344,-10.083413124084473,-0.3108014464378357,-4.577444076538086,-5.146893501281738,-5.957458019256592,-0.959232747554779,-2.995461940765381,13.732741355895996,9.591522216796875,3.4120073318481445,4.913304805755615,3.993018865585327,10.878456115722656,3.6531848907470703,0.7455497980117798
265,3.5189290046691895,-0.5060148239135742,2.967440366744995,5.562993049621582,3.309131145477295,2.7472047805786133,4.278285980224609,1.418199062347412,9.604119300842285,9.161637306213379,-0.8048561811447144,0.6983193755149841,-2.146737813949585,1.700234293937683,-5.670813083648682,-4.127441883087158
266,8.949339866638184,7.429559707641602,5.743680953979492,11.960199356079102,10.809307098388672,7.488487720489502,7.9993085861206055,7.115572929382324,12.394110679626465,17.288747787475586,7.643935680389404,11.13142204284668,8.355035781860352,9.164751052856445,5.709434986114502,5.942981719970703
267,-7.454170227050781,-9.191402435302734,-7.118898868560791,-3.887794256210327,-3.382412910461426,-7.595192909240723,-8.786120414733887,-9.54794979095459,12.411002159118652,8.688138961791992,3.2873048782348633,9.495384216308594,4.351185321807861,10.129515647888184,7.994073867797852,1.6795047521591187
268,-14.314391136169434,-15.487018585205078,-15.279321670532227,-11.806741714477539,-12.906577110290527,-14.965388298034668,-17.403911590576172,-18.515254974365234,-2.1204967498779297,-15.669757843017578,-15.871692657470703,-12.682628631591797,-16.731204986572266,-8.51024055480957,-9.714824676513672,-15.900643348693848
269,1.3700412511825562,0.5963159799575806,0.646077036857605,-0.2474174201488495,-0.9329863786697388,-0.041501112282276154,-0.5713868141174316,-1.9194163084030151,-4.0691938400268555,-14.927994728088379,-5.185937881469727,-7.369747161865234,-8.713696479797363,-12.419225692749023,-3.467839241027832,-8.17690372467041
270,1.3700412511825562,0.5963159799575806,0.646077036857605,-0.2474174201488495,-0.9329863786697388,-0.041501112282276154,-0.5713868141174316,-1.9194163084030151,-4.0691938400268555,-14.927994728088379,-5.185937881469727,-7.369747161865234,-8.713696479797363,-12.419225692749023,-3.467839241027832,-8.17690372467041
271,6.737514972686768,8.495245933532715,9.349408149719238,6.679562091827393,7.4630513191223145,6.492811679840088,7.85577392578125,7.6456403732299805,3.437865972518921,-1.7613492012023926,9.058279037475586,9.944354057312012,7.551082611083984,-0.6486145257949829,7.591709613800049,7.365354537963867
272,-5.912718296051025,0.45203301310539246,1.0014499425888062,0.22407875955104828,-0.30044126510620117,-5.329123020172119,-1.8465043306350708,-2.7863471508026123,-9.956851959228516,-10.528326988220215,-2.714195489883423,0.752195417881012,2.2176077365875244,3.6510555744171143,-2.6297638416290283,2.6346020698547363
273,-3.8153607845306396,4.626139163970947,3.0718212127685547,2.007051944732666,-1.4239333868026733,-3.299273729324341,-1.8025912046432495,-4.4466118812561035,-17.13318634033203,-10.701054573059082,-5.4477033615112305,-6.336263656616211,0.8847507834434509,1.452506184577942,-2.8759734630584717,2.2381789684295654
274,8.422098159790039,14.04542350769043,10.592297554016113,11.546939849853516,5.387633800506592,5.7053985595703125,7.571035385131836,4.911307334899902,-8.03414535522461,-9.85564136505127,-3.3608508110046387,-5.544918537139893,1.275001883506775,-5.961007595062256,-0.5469667911529541,3.9716320037841797
275,-1.5949039459228516,2.8641772270202637,8.806358337402344,2.561581611633301,0.950573205947876,-3.2365009784698486,-1.735663890838623,1.623883605003357,2.1170856952667236,-4.919649600982666,3.5138978958129883,5.390697956085205,10.11806869506836,5.278378963470459,10.631589889526367,13.458687782287598
276,-7.317660808563232,-3.6147830486297607,-3.413280487060547,1.226845145225525,-5.910035133361816,-7.337209701538086,-6.144139289855957,-4.450911998748779,-12.165790557861328,-14.992087364196777,-8.62606430053711,-6.358556270599365,-6.094099521636963,2.1442883014678955,-4.30764102935791,-4.718043804168701
277,-3.9922878742218018,-0.0383773110806942,-5.190656661987305,-2.4015440940856934,-7.976602554321289,-5.462472915649414,-5.213836193084717,-7.431981563568115,-13.482521057128906,-11.839771270751953,-7.9064130783081055,-9.19710636138916,-10.922821044921875,-7.990572452545166,-8.732836723327637,-8.358890533447266
278,-5.233587265014648,-5.0699920654296875,-5.712086200714111,-12.006207466125488,-11.81622314453125,-8.652312278747559,-9.400583267211914,-9.293174743652344,-3.3501548767089844,-2.586937189102173,-5.6203293800354,-10.38094425201416,-10.854833602905273,-16.14715576171875,-11.177647590637207,-10.7504301071167
279,-2.073322296142578,-6.594522953033447,-3.389010190963745,-6.614681243896484,-5.013837814331055,-2.987133264541626,-3.946851968765259,-1.61740243434906,-0.39112740755081177,-2.092219591140747,-4.782025337219238,-7.556562900543213,-8.624617576599121,-12.174327850341797,-10.415986061096191,-11.803293228149414
280,-2.073322296142578,-6.594522953033447,-3.389010190963745,-6.614681243896484,-5.013837814331055,-2.987133264541626,-3.946851968765259,-1.61740243434906,-0.39112740755081177,-2.092219591140747,-4.782025337219238,-7.556562900543213,-8.624617576599121,-12.174327850341797,-10.415986061096191,-11.803293228149414
281,5.9066081047058105,2.7960007190704346,1.9869805574417114,2.4364144802093506,1.3656114339828491,5.867023944854736,4.90333890914917,8.322610855102539,3.667341709136963,5.815390586853027,0.6430557370185852,-0.7055078148841858,1.307621717453003,1.3184456825256348,-0.9224937558174133,-5.450436115264893
282,2.516683578491211,4.952478408813477,-0.13171032071113586,-0.19319529831409454,-2.252159833908081,2.8698105812072754,2.2000136375427246,8.342442512512207,2.7970898151397705,12.93906021118164,5.963525295257568,2.9082822799682617,8.589191436767578,11.941926002502441,4.752496719360352,-1.2415745258331299
283,-0.2014651894569397,1.0848368406295776,-1.2080241441726685,-0.06810714304447174,1.3985836505889893,0.24282875657081604,-0.4314132034778595,4.523067474365234,-2.6714794635772705,14.312272071838379,9.057870864868164,6.010865688323975,10.767322540283203,10.675586700439453,8.497567176818848,7.604151248931885
284,-3.827368974685669,-5.464280605316162,-7.4472174644470215,-4.309212684631348,-0.20918121933937073,-2.214756965637207,-4.024797439575195,-2.613443613052368,-9.064608573913574,0.4019082486629486,-6.6433210372924805,-5.968538761138916,-3.9841556549072266,-2.322315216064453,-5.84058141708374,-1.7984530925750732
285,1.4102716445922852,2.270026922225952,-1.85878324508667,5.614221572875977,5.042642116546631,-0.2049660086631775,-0.804524838924408,-1.4844564199447632,-2.3408007621765137,0.7978848814964294,0.34285497665405273,-3.4524943828582764,1.9406875371932983,0.5272509455680847,5.644151210784912,5.098643779754639
286,8.883301734924316,6.4287638664245605,5.533141136169434,10.899173736572266,7.084268093109131,3.2155628204345703,6.950894355773926,2.6827168464660645,2.1317784786224365,4.627095699310303,3.685871124267578,3.904924154281616,4.204325199127197,1.377453088760376,9.479209899902344,5.8189592361450195
287,-1.655138611793518,-7.15667200088501,-5.195819854736328,-4.9029412269592285,-8.062713623046875,-8.455458641052246,-6.750686168670654,-6.24470329284668,2.3361828327178955,7.844466686248779,4.881221294403076,4.16173791885376,-2.7329227924346924,-4.168734550476074,-1.8069456815719604,-0.005064824130386114
288,-6.795886993408203,-13.255536079406738,-9.98811149597168,-14.094952583312988,-14.067130088806152,-11.463994979858398,-15.52910327911377,-15.215802192687988,-8.544520378112793,-0.7290771007537842,-5.131003379821777,-7.303827285766602,-17.743518829345703,-17.481538772583008,-19.13592529296875,-9.931998252868652
289,6.742658615112305,4.866452217102051,3.243424654006958,1.7303035259246826,2.571587324142456,4.839818477630615,2.099428653717041,-0.6255062818527222,-8.44713020324707,-6.503990650177002,-2.6412434577941895,-6.45196008682251,-14.681611061096191,-13.064628601074219,-14.625986099243164,-8.278217315673828
290,6.742658615112305,4.866452217102051,3.243424654006958,1.7303035259246826,2.571587324142456,4.839818477630615,2.099428653717041,-0.6255062818527222,-8.44713020324707,-6.503990650177002,-2.6412434577941895,-6.45196008682251,-14.681611061096191,-13.064628601074219,-14.625986099243164,-8.278217315673828
291,10.195448875427246,8.832036972045898,7.063693523406982,10.58996868133545,8.934000968933105,10.09633731842041,7.930975437164307,6.575658798217773,7.277557373046875,3.268787384033203,9.687332153320312,5.708938121795654,0.07848398387432098,4.240450859069824,3.9584105014801025,1.5833442211151123
292,-2.74888014793396,-6.936977386474609,-3.600642681121826,-1.4357473850250244,-1.9029603004455566,-2.9191339015960693,-1.4654691219329834,-1.7826050519943237,11.73841667175293,2.192892074584961,5.337408065795898,3.331404447555542,1.550621747970581,12.380524635314941,6.394343376159668,2.6984732151031494
293,-4.567671298980713,-8.357609748840332,-3.7412166595458984,-7.9275898933410645,-4.836276531219482,-5.3689351081848145,-2.811802864074707,-0.7330928444862366,7.130195140838623,-10.196919441223145,-0.013651729561388493,-0.19115346670150757,0.7822390794754028,9.626147270202637,2.382815361022949,3.1859781742095947
294,-12.110014915466309,-14.015284538269043,-13.358996391296387,-16.760860443115234,-12.57729434967041,-10.75668716430664,-14.376442909240723,-12.176346778869629,5.410909652709961,-17.70201301574707,-8.094717025756836,-3.526258707046509,-5.359052658081055,-1.0752358436584473,-5.019218921661377,-2.756460428237915
295,21.107505798339844,18.65106773376465,22.462425231933594,24.588171005249023,24.353960037231445,22.415647506713867,25.4689884185791,23.939929962158203,19.472978591918945,10.19466781616211,15.903637886047363,19.752227783203125,19.219118118286133,7.3990678787231445,20.124130249023438,27.74613380432129
296,-7.807574272155762,-7.843912601470947,-5.534307956695557,-6.609933376312256,-1.9026440382003784,-4.957030296325684,-4.183043956756592,0.28986668586730957,5.508510589599609,13.096599578857422,10.052072525024414,16.219043731689453,16.492042541503906,17.19619369506836,13.600871086120605,15.371845245361328
297,-6.268026351928711,-6.140259265899658,-8.537450790405273,-12.0191011428833,-3.62235951423645,-3.853487491607666,-6.501342296600342,-1.6545958518981934,-23.575590133666992,-6.7196879386901855,-12.097383499145508,-6.386431694030762,-2.0808184146881104,2.054380416870117,-4.085173606872559,-7.18632173538208
298,-9.294883728027344,-9.63927936553955,-8.540099143981934,-14.700980186462402,-8.274707794189453,-5.7264909744262695,-10.607497215270996,-5.221009254455566,-16.46843719482422,-1.448752999305725,-9.449246406555176,-6.927879810333252,-3.98811674118042,-0.4085949957370758,-2.9160962104797363,-8.436616897583008
299,-5.018957138061523,-6.8737897872924805,-4.396983623504639,-8.101513862609863,-2.8881943225860596,-3.0969338417053223,-6.096249580383301,-3.45670747756958,-9.698861122131348,2.730421304702759,-4.583670616149902,-6.898440361022949,-1.1880617141723633,-4.089531898498535,-1.3366395235061646,-5.645839691162109
300,-2.2512848377227783,-4.746815204620361,-4.791458606719971,-5.117727279663086,-1.606372356414795,-2.6690919399261475,-2.0900156497955322,-3.136228322982788,-11.563633918762207,1.166704535484314,-5.3253912925720215,-8.917316436767578,-2.4814541339874268,-6.266366958618164,-2.77103328704834,-4.246565818786621
301,-2.190476179122925,-4.430936813354492,-3.763984203338623,-3.598559617996216,-1.63019859790802,-5.314381122589111,-2.5128798484802246,-2.4825587272644043,0.2344985008239746,0.6275523900985718,2.903301239013672,-1.3625293970108032,-0.05156807228922844,0.038610998541116714,2.0094611644744873,4.863687038421631
302,2.706108570098877,2.843397378921509,0.3262856900691986,1.69082772731781,2.3031485080718994,-2.187544345855713,1.4972975254058838,1.527664303779602,8.787529945373535,-11.442891120910645,0.053763918578624725,-2.7052862644195557,-2.582125425338745,1.7746376991271973,-1.069493055343628,4.881666660308838
303,-3.2179036140441895,3.613844633102417,-0.3897063434123993,-4.043315410614014,-8.8184814453125,-4.379980564117432,-2.8236758708953857,-5.349200248718262,5.690751075744629,-15.460561752319336,-8.56919002532959,-12.201571464538574,-11.33112621307373,-7.351607799530029,-11.457552909851074,-10.049394607543945
304,8.527700424194336,14.619528770446777,12.535749435424805,8.468700408935547,0.18890385329723358,6.8315629959106445,7.169464111328125,1.8063677549362183,1.0637450218200684,-3.7653141021728516,0.6161670684814453,-6.625946044921875,-5.496893882751465,-5.5359978675842285,-6.596378803253174,-9.014764785766602
305,8.527700424194336,14.619528770446777,12.535749435424805,8.468700408935547,0.18890385329723358,6.8315629959106445,7.169464111328125,1.8063677549362183,1.0637450218200684,-3.7653141021728516,0.6161670684814453,-6.625946044921875,-5.496893882751465,-5.5359978675842285,-6.596378803253174,-9.014764785766602
306,16.65349769592285,18.58951187133789,15.339929580688477,16.27231788635254,13.1474027633667,13.303194999694824,14.261818885803223,10.8754301071167,8.714447021484375,11.07640552520752,13.474398612976074,8.50902271270752,6.349338054656982,9.380058288574219,4.483444690704346,4.875113487243652
307,10.465352058410645,14.17239761352539,9.287439346313477,11.722841262817383,10.21568489074707,10.50117301940918,11.312641143798828,8.466370582580566,12.474937438964844,18.540132522583008,17.44536590576172,15.342863082885742,10.76581859588623,11.45983600616455,8.780570983886719,9.81546688079834
308,2.0327255725860596,5.141684055328369,5.258853435516357,5.7575178146362305,1.9967896938323975,4.995518684387207,5.585148811340332,1.2009824514389038,5.458083152770996,10.326425552368164,11.348711967468262,9.579521179199219,7.5695695877075195,4.628182888031006,5.9509735107421875,3.875054121017456
309,-2.049143075942993,-2.018139362335205,5.3740620613098145,4.951179504394531,1.8966327905654907,2.8461787700653076,3.555589437484741,-1.0527477264404297,1.9897208213806152,-3.8594045639038086,2.6733996868133545,3.589914083480835,4.334481716156006,-2.857118606567383,3.583458185195923,1.1151937246322632
310,-7.251835346221924,-8.365562438964844,-0.07227960228919983,4.749939918518066,1.2675117254257202,-2.6795127391815186,0.8707639575004578,-1.906864047050476,5.815441131591797,0.7949525713920593,-0.05377018824219704,5.0287275314331055,4.7772440910339355,-7.074814796447754,4.875848770141602,3.27584171295166
311,-19.73584747314453,-19.43998908996582,-15.894824028015137,-6.143851280212402,-9.62968635559082,-17.326753616333008,-9.800065994262695,-10.52624225616455,-3.0965797901153564,1.9944539070129395,-12.657051086425781,-5.592946529388428,-6.149136543273926,-3.136357545852661,-5.806945323944092,-7.057577133178711
312,-16.9028263092041,-15.175834655761719,-16.031023025512695,-11.536742210388184,-11.969545364379883,-17.002798080444336,-12.406045913696289,-13.554161071777344,-6.047303676605225,-6.1103081703186035,-19.573345184326172,-12.057292938232422,-10.671571731567383,-2.1970160007476807,-12.083648681640625,-12.728625297546387
313,-9.374593734741211,-10.262834548950195,-10.943721771240234,-15.81368637084961,-8.466398239135742,-10.007681846618652,-10.170823097229004,-7.579284191131592,-6.027596473693848,-4.437019348144531,-10.83495044708252,-4.76885461807251,-4.102055072784424,-7.410478591918945,-5.917607307434082,-4.827762126922607
314,1.1430549621582031,-4.148220539093018,-5.496194362640381,-6.695208549499512,0.8817557692527771,2.1006240844726562,-0.5528619289398193,5.624833106994629,-9.942160606384277,-3.0285122394561768,-0.7739749550819397,0.8226094841957092,2.2392637729644775,-11.482908248901367,1.1097586154937744,0.5826634764671326
315,1.1430549621582031,-4.148220539093018,-5.496194362640381,-6.695208549499512,0.8817557692527771,2.1006240844726562,-0.5528619289398193,5.624833106994629,-9.942160606384277,-3.0285122394561768,-0.7739749550819397,0.8226094841957092,2.2392637729644775,-11.482908248901367,1.1097586154937744,0.5826634764671326
316,16.518930435180664,9.079938888549805,8.495922088623047,12.393528938293457,13.339926719665527,16.846607208251953,11.010286331176758,14.361246109008789,2.819119453430176,5.775988578796387,9.334859848022461,10.451142311096191,10.180644035339355,-2.711561918258667,8.042548179626465,7.688255310058594
317,9.599489212036133,3.2659947872161865,9.391221046447754,7.981568336486816,8.209875106811523,8.316924095153809,4.990256309509277,4.621528625488281,14.13532543182373,20.141977310180664,13.924371719360352,16.766687393188477,11.222107887268066,10.690244674682617,12.286781311035156,14.455591201782227
318,-9.00783920288086,-15.80510139465332,-7.9865946769714355,-10.958995819091797,-9.95341682434082,-9.940632820129395,-11.061223030090332,-13.128867149353027,-3.641169309616089,7.355937957763672,-0.9661458730697632,3.8407747745513916,-4.2035298347473145,6.2356276512146,-1.7609273195266724,0.25640130043029785
319,2.5677859783172607,-3.395184278488159,-4.090895652770996,-4.480686664581299,-2.5322229862213135,2.084282398223877,-1.9254478216171265,-3.4396777153015137,-15.497786521911621,-8.373957633972168,-8.14115047454834,-6.994236946105957,-9.707526206970215,-0.9481034874916077,-8.086019515991211,-8.633886337280273
320,8.578987121582031,7.670401573181152,3.5325915813446045,2.829111099243164,1.7702946662902832,10.95784854888916,4.90643310546875,9.38298511505127,0.220082625746727,3.283137798309326,7.836377143859863,7.619682788848877,7.1017165184021,10.314911842346191,7.697880744934082,2.9835128784179688
321,0.024085521697998047,4.065107345581055,2.645153522491455,-1.403668999671936,-5.269241809844971,5.69011116027832,1.1926134824752808,2.3262553215026855,2.5388646125793457,1.9580392837524414,6.812426567077637,10.679059982299805,5.988658428192139,4.460208415985107,4.198911666870117,-1.41056489944458
322,11.944404602050781,18.057905197143555,14.34732723236084,11.455270767211914,11.272318840026855,14.108128547668457,15.882713317871094,8.768260955810547,3.068925619125366,2.9163143634796143,4.026890754699707,4.737655162811279,4.688960075378418,-2.249828815460205,4.146966934204102,-1.2431138753890991
323,4.419238090515137,7.822058200836182,10.348027229309082,9.357316017150879,10.258683204650879,3.864391326904297,9.317015647888184,4.168949604034424,16.96366310119629,20.590505599975586,10.644678115844727,8.212401390075684,12.110904693603516,10.593899726867676,12.377120018005371,10.799905776977539
324,-15.893789291381836,-16.97325325012207,-14.028131484985352,-11.835731506347656,-11.959095001220703,-18.5203914642334,-13.73345947265625,-17.10297966003418,2.2480859756469727,2.2427573204040527,-8.836309432983398,-9.417012214660645,-6.117547988891602,4.636700630187988,-6.918027400970459,-4.596057415008545
325,1.4956512451171875,2.4134156703948975,-4.970796585083008,-1.7849875688552856,-2.386711597442627,-4.1598219871521,-2.9121973514556885,-4.817205429077148,-11.23863410949707,-12.827104568481445,-11.998778343200684,-12.9032564163208,-11.866629600524902,-4.263583660125732,-12.379897117614746,-10.55115795135498
326,8.62157154083252,14.101692199707031,6.551202297210693,4.336972713470459,2.0626461505889893,3.3418164253234863,2.928272247314453,5.201432704925537,5.075587749481201,5.27418327331543,7.350890636444092,4.827158451080322,1.8148452043533325,6.58809757232666,4.745718479156494,7.680492401123047
327,5.798891067504883,11.34508991241455,6.606384754180908,3.270942211151123,-0.5184199810028076,2.235196113586426,3.985227108001709,0.21270175278186798,1.8876895904541016,0.38507843017578125,-0.2520377039909363,-7.444873332977295,-5.234487056732178,1.699159026145935,-0.5582131743431091,0.3600096106529236
328,12.80141544342041,14.557243347167969,14.294767379760742,14.817756652832031,11.37746810913086,9.367257118225098,14.712869644165039,8.338123321533203,4.946614742279053,2.0591325759887695,7.093374729156494,-1.3683031797409058,2.40907621383667,-3.894228219985962,4.153255939483643,4.487628936767578
329,1.1604394912719727,-2.403524875640869,2.954306125640869,6.659995079040527,2.740983009338379,-3.158189296722412,3.17594575881958,1.0254374742507935,1.4583715200424194,5.998901844024658,7.452966690063477,7.6728291511535645,2.1413562297821045,0.5362083911895752,2.533281087875366,7.043972492218018
330,0.3162243962287903,-1.3923296928405762,0.05250060558319092,5.371118068695068,1.3233203887939453,1.797672986984253,0.7679910659790039,2.163844585418701,4.822970867156982,-1.4539217948913574,1.4762259721755981,0.6415754556655884,1.8491264581680298,0.8033756613731384,-1.190956473350525,1.32417631149292
331,-14.019762992858887,-12.638350486755371,-10.537250518798828,-11.246074676513672,-13.059294700622559,-10.93479061126709,-13.135706901550293,-11.158441543579102,-6.733444690704346,-17.691036224365234,-10.051721572875977,-8.847450256347656,-6.160125732421875,-0.6733533143997192,-8.06002426147461,-7.2668609619140625
332,-16.68408203125,-16.901424407958984,-9.438183784484863,-12.86965274810791,-12.400300979614258,-10.582886695861816,-11.557031631469727,-11.128815650939941,-19.3056697845459,-23.380598068237305,-14.194038391113281,-13.176857948303223,-8.055768013000488,-4.094980239868164,-11.78158187866211,-12.797987937927246
333,-11.541703224182129,-11.761122703552246,-5.942137718200684,-7.174724578857422,-5.779948711395264,-6.806913375854492,-5.831684112548828,-5.704617500305176,-21.584487915039062,-13.429948806762695,-10.422994613647461,-9.286956787109375,-4.553067207336426,-6.552120685577393,-8.258478164672852,-7.272640228271484
334,-1.3400232791900635,2.4708778858184814,4.770677089691162,1.341079592704773,2.5245001316070557,3.4478225708007812,1.2085490226745605,0.7797466516494751,-16.64792251586914,-3.949007034301758,-0.5323436260223389,-1.9019440412521362,0.7585488557815552,-2.146707773208618,-1.6947072744369507,3.4908664226531982
335,-1.3400232791900635,2.4708778858184814,4.770677089691162,1.341079592704773,2.5245001316070557,3.4478225708007812,1.2085490226745605,0.7797466516494751,-16.64792251586914,-3.949007034301758,-0.5323436260223389,-1.9019440412521362,0.7585488557815552,-2.146707773208618,-1.6947072744369507,3.4908664226531982
336,11.249157905578613,14.625033378601074,11.849268913269043,6.269407272338867,7.7842936515808105,14.87513542175293,8.344650268554688,10.529947280883789,6.447361946105957,5.3807902336120605,17.962810516357422,13.21162223815918,12.560755729675293,8.42798900604248,7.361485004425049,14.880913734436035
337,5.238309860229492,6.155827045440674,-0.7062210440635681,-5.379082202911377,-4.8240461349487305,5.314330577850342,0.04493841156363487,5.123810768127441,9.567444801330566,8.344758987426758,11.403108596801758,9.757156372070312,6.34192419052124,0.12113039940595627,-2.2056918144226074,5.22927713394165
338,-4.299354553222656,-4.663630485534668,-5.788771629333496,-9.26425838470459,-11.321110725402832,-2.629059076309204,-4.425415515899658,-2.4473960399627686,7.30985164642334,9.63710880279541,3.2800488471984863,1.2574632167816162,0.6568966507911682,-14.227736473083496,-6.741086483001709,-0.7604280114173889
339,2.210888147354126,-2.906864881515503,-3.57375168800354,-1.316983938217163,-2.4695260524749756,-1.1800556182861328,0.12995119392871857,-2.1722357273101807,9.279661178588867,3.174708604812622,4.462109088897705,1.3583910465240479,0.646969735622406,-16.893768310546875,-1.9999028444290161,1.6311579942703247
340,-4.465085029602051,-3.1472082138061523,-10.871880531311035,-15.400786399841309,-11.498634338378906,-10.06399917602539,-9.53548812866211,-4.925966739654541,11.81664752960205,-1.836039662361145,-4.05785608291626,-1.505266547203064,-2.1308889389038086,-6.174911975860596,-5.608208179473877,-2.108409881591797
341,-0.8638513684272766,2.264413595199585,-3.2861597537994385,-5.358021259307861,-4.101667404174805,-3.6684210300445557,-3.828030586242676,0.5841917991638184,5.160651206970215,-4.355751991271973,-6.040036201477051,-2.5943634510040283,-3.780047655105591,-10.105420112609863,-7.627523899078369,-6.33224630355835
342,-6.478211402893066,-2.2079505920410156,-4.097708702087402,-2.378343105316162,-2.8548853397369385,-8.705036163330078,-4.899289608001709,-4.412897109985352,-2.8637709617614746,-8.267515182495117,-9.872958183288574,-9.585192680358887,-9.242155075073242,-7.769266605377197,-9.728267669677734,-6.54005241394043
343,3.5999159812927246,12.026050567626953,8.19185733795166,18.127140045166016,16.086849212646484,3.041390895843506,12.957083702087402,4.593789577484131,-1.072251319885254,-9.074108123779297,-4.205420017242432,-1.1729222536087036,-0.15072058141231537,0.7749718427658081,2.6396327018737793,3.409984827041626
344,14.735678672790527,25.114593505859375,18.608732223510742,27.29477310180664,24.576190948486328,12.263205528259277,22.3360538482666,14.53003215789795,9.484620094299316,2.3576793670654297,10.020472526550293,11.814056396484375,16.440515518188477,19.179967880249023,20.37287139892578,15.822721481323242
345,3.717913866043091,9.900575637817383,2.407191276550293,4.570104598999023,3.367518901824951,-1.033488154411316,2.014730215072632,-4.592409133911133,6.789004325866699,5.300660133361816,2.6834089756011963,3.772756338119507,7.023841381072998,17.96931266784668,11.245006561279297,5.370458602905273
346,-9.732746124267578,-7.539919376373291,-12.165037155151367,-11.577507972717285,-10.09796142578125,-12.429405212402344,-12.576103210449219,-22.841941833496094,-3.6202404499053955,-4.537795543670654,-12.732464790344238,-7.328967094421387,-8.841326713562012,-1.7954984903335571,-3.473391056060791,-12.891743659973145
347,0.4172104299068451,-1.044527292251587,-4.492654800415039,2.1563055515289307,4.320001602172852,-1.9200631380081177,0.08557316660881042,-9.578213691711426,1.7704204320907593,-7.639935493469238,-10.430389404296875,-7.927046298980713,-8.408947944641113,-7.856917858123779,-1.690712571144104,-10.895599365234375
348,-2.5395472049713135,-5.7748212814331055,-10.979182243347168,0.1822490394115448,1.2487581968307495,-3.209040641784668,-2.407966136932373,-5.198369979858398,3.0368411540985107,-4.703249454498291,-3.1448802947998047,1.166977882385254,-5.330103874206543,-2.4242749214172363,0.4545210599899292,-4.4878315925598145
349,-16.4654483795166,-15.276062965393066,-17.753524780273438,-14.777660369873047,-17.90644645690918,-11.275284767150879,-15.530683517456055,-13.218889236450195,-14.78984260559082,-8.34977912902832,-11.161548614501953,-5.564460754394531,-13.712248802185059,-5.515905857086182,-12.098686218261719,-17.273019790649414
350,-16.4654483795166,-15.276062965393066,-17.753524780273438,-14.777660369873047,-17.90644645690918,-11.275284767150879,-15.530683517456055,-13.218889236450195,-14.78984260559082,-8.34977912902832,-11.161548614501953,-5.564460754394531,-13.712248802185059,-5.515905857086182,-12.098686218261719,-17.273019790649414
351,-5.68997049331665,-2.619351863861084,-3.728299140930176,-6.540868282318115,-12.264812469482422,-2.0445709228515625,-9.718506813049316,-5.320685863494873,-18.85177230834961,-5.7299885749816895,-13.175846099853516,-13.754541397094727,-14.358379364013672,-15.009140968322754,-14.728095054626465,-20.17694664001465
352,1.1301920413970947,5.736125469207764,7.532135486602783,2.209217071533203,0.7669461369514465,5.692415237426758,-1.0207772254943848,7.681802272796631,-9.502211570739746,7.244382381439209,-0.9618512392044067,-3.862039566040039,-3.2556204795837402,-11.073278427124023,-2.2062716484069824,-5.25422477722168
353,-2.1298744678497314,-2.3188676834106445,5.833990097045898,-1.2309843301773071,0.22146736085414886,4.343276023864746,0.2351960688829422,8.852584838867188,1.678257942199707,13.757952690124512,4.422671794891357,3.791776180267334,3.5252273082733154,-0.3021151125431061,3.986488103866577,1.5533639192581177
354,2.1472580432891846,-4.849597930908203,0.9578030705451965,-1.4115012884140015,1.3170939683914185,3.427910566329956,0.6829822063446045,0.8643468618392944,-8.001081466674805,1.2511203289031982,-5.482736587524414,-5.2193145751953125,-5.100277423858643,-4.117955684661865,-5.417726993560791,-7.124521732330322
355,11.115704536437988,10.865169525146484,17.6973934173584,16.197071075439453,17.96035385131836,17.253223419189453,17.376243591308594,13.971131324768066,-1.5941282510757446,4.4940619468688965,8.057525634765625,1.7847468852996826,4.0374321937561035,-1.120606780052185,4.33909797668457,5.58866024017334
356,6.697110176086426,8.39540958404541,16.364269256591797,12.861726760864258,10.072178840637207,15.19350814819336,12.1870698928833,12.39830207824707,18.223194122314453,14.794602394104004,24.86857032775879,18.895397186279297,17.47220230102539,19.462987899780273,16.226551055908203,22.340131759643555
357,-5.320759296417236,-6.670044422149658,-4.406003475189209,-6.067019462585449,-8.527974128723145,-3.40627121925354,-11.177362442016602,-8.135615348815918,-1.31866455078125,-2.7979931831359863,3.8919365406036377,1.3710113763809204,-4.631989002227783,6.634850978851318,-6.1819610595703125,0.9668582677841187
358,-0.4262630045413971,-4.419898509979248,-0.8439816236495972,-2.144476890563965,-1.8773621320724487,-4.843743324279785,-8.893318176269531,-5.554990291595459,-14.929374694824219,-7.253937721252441,-6.721368789672852,-11.784602165222168,-13.806282043457031,-6.040391445159912,-11.525814056396484,-9.784994125366211
359,0.053418319672346115,-6.4402241706848145,0.12694650888442993,0.7058379054069519,1.0346378087997437,-5.045717716217041,-7.272831916809082,-4.982654571533203,-4.1626152992248535,3.9157352447509766,-0.9532954096794128,-5.207652568817139,-4.8283891677856445,4.308847427368164,1.3488209247589111,-1.7106802463531494
360,1.0730282068252563,-0.09346619248390198,5.501407623291016,8.195585250854492,7.778663158416748,2.3829925060272217,-0.23053252696990967,-0.12413465231657028,3.0489511489868164,-2.146726131439209,-5.045633792877197,-10.15075969696045,-3.553650140762329,2.420243501663208,3.960385322570801,-0.10453606396913528
361,8.734179496765137,9.089016914367676,11.902566909790039,10.3679838180542,13.617963790893555,8.199971199035645,9.602527618408203,12.582859992980957,15.36238956451416,3.3509809970855713,0.13552187383174896,-6.201616287231445,5.726683616638184,4.8480095863342285,11.45430850982666,9.435872077941895
362,-0.8997185826301575,-6.095727920532227,-5.719508647918701,-7.003741264343262,1.9484747648239136,-3.7322492599487305,-0.8665725588798523,7.580655574798584,14.581506729125977,10.126173973083496,-0.04505277797579765,0.43082335591316223,8.525792121887207,10.819655418395996,10.730064392089844,7.846762180328369
363,0.9218816161155701,-10.980110168457031,-10.842820167541504,-10.98886775970459,0.2336902916431427,-0.6097507476806641,-2.69972562789917,8.02243709564209,15.661104202270508,1.196205496788025,-2.3764288425445557,4.046406269073486,5.396154880523682,6.9160027503967285,6.983628273010254,1.618918538093567
364,5.003665447235107,-5.938720703125,-10.43798828125,-8.647130966186523,0.6237483024597168,2.3205196857452393,-1.9189850091934204,8.074614524841309,19.87559700012207,7.059970855712891,10.191889762878418,17.445667266845703,11.54648494720459,6.0035176277160645,12.168709754943848,8.370884895324707
365,-1.7840036153793335,-5.194306373596191,-12.15091323852539,-2.6373417377471924,0.7247421741485596,-1.8793843984603882,-2.610490560531616,0.9190335869789124,4.26260232925415,9.980934143066406,9.161102294921875,14.5089111328125,8.325953483581543,4.228755474090576,7.547459125518799,3.714258909225464
366,-8.208683967590332,-6.253870010375977,-6.248695373535156,1.0572335720062256,2.673099994659424,-5.159185886383057,0.1999521404504776,-1.2343666553497314,-8.968934059143066,-0.9531862735748291,-4.400609016418457,2.448636531829834,1.049761176109314,1.2270387411117554,1.6564278602600098,-1.1567089557647705
367,-8.20014476776123,-2.9189882278442383,2.6296615600585938,3.424241781234741,4.991177558898926,-1.1546969413757324,5.721330642700195,3.219639539718628,-4.517013072967529,0.04414740949869156,-0.2599444091320038,7.768852710723877,10.144835472106934,5.664763927459717,11.841690063476562,10.255789756774902
368,-4.393362998962402,2.939567804336548,8.726839065551758,6.614708423614502,7.367691993713379,9.251832008361816,11.175952911376953,6.517641067504883,-10.236806869506836,-7.712443828582764,-1.236036777496338,6.064131736755371,9.484712600708008,14.771618843078613,9.93867301940918,6.910000324249268
369,-5.607534885406494,3.474005699157715,9.160791397094727,2.067866086959839,2.2600910663604736,10.300748825073242,7.0464186668396,4.458162784576416,-13.85024642944336,-20.598684310913086,-3.1078903675079346,0.5194715261459351,4.4357709884643555,12.68094253540039,3.6415436267852783,0.3052205443382263
370,-4.565303802490234,0.12012385576963425,2.5766375064849854,0.02965889498591423,-2.2463083267211914,4.0484795570373535,0.858274519443512,1.740141749382019,-6.169724464416504,-22.511798858642578,3.887892484664917,0.12792187929153442,4.363180637359619,3.038315534591675,2.608872890472412,0.5506152510643005
371,-3.4869909286499023,-2.9615297317504883,-2.395570993423462,0.5194182991981506,-6.537458419799805,-4.6363935470581055,-1.6312826871871948,-4.755247116088867,-9.38945198059082,-18.646448135375977,-0.9224678874015808,-4.887686252593994,-6.960781097412109,-4.4376935958862305,-9.200716018676758,-6.3193206787109375
372,-9.864883422851562,-9.752639770507812,-6.61188268661499,-4.685791969299316,-17.872848510742188,-14.7540922164917,-8.375228881835938,-14.421027183532715,-8.316631317138672,-7.8218889236450195,-6.177412509918213,-7.5771355628967285,-16.52234649658203,-14.925558090209961,-20.04673194885254,-12.747553825378418
373,-3.7748427391052246,-2.494001865386963,-2.166337251663208,-0.8620239496231079,-12.242314338684082,-8.017875671386719,-4.039897918701172,-11.612115859985352,-12.155720710754395,-5.34131383895874,-11.947280883789062,-14.917086601257324,-18.742277145385742,-23.167312622070312,-21.289588928222656,-17.217336654663086
374,14.791255950927734,17.05052947998047,12.416686058044434,12.64377212524414,6.0680999755859375,13.052350997924805,11.801515579223633,9.293268203735352,-5.753092288970947,7.230180740356445,-1.2610337734222412,-4.186572551727295,-2.0300161838531494,-8.979684829711914,-2.2226831912994385,-1.3785033226013184
375,1.9657073020935059,-0.37874719500541687,-5.23523473739624,-10.868026733398438,-17.037017822265625,-2.053964853286743,-7.156625747680664,0.9028128385543823,9.402034759521484,10.995100975036621,7.9080328941345215,7.0581769943237305,2.3261849880218506,1.1338542699813843,-2.7079145908355713,-7.572854042053223
376,-5.216030597686768,-3.5904858112335205,-8.060929298400879,-8.402534484863281,-16.403486251831055,-9.17131519317627,-7.5839996337890625,-8.256342887878418,1.775588035583496,2.5208582878112793,-3.8310582637786865,-2.5670695304870605,-10.829144477844238,-9.15318775177002,-11.672715187072754,-12.576127052307129
377,5.4828290939331055,10.41020679473877,4.887025356292725,4.915116786956787,-1.442551851272583,3.2114198207855225,3.7429420948028564,4.26904296875,6.4009199142456055,-3.5100550651550293,-2.3488094806671143,-0.33487725257873535,-6.2129411697387695,-13.091646194458008,-6.347081661224365,-3.9995322227478027
378,10.012351036071777,18.702220916748047,10.089577674865723,11.508462905883789,9.065194129943848,10.799321174621582,10.737351417541504,15.728093147277832,9.998859405517578,1.6373209953308105,6.401630401611328,9.61587905883789,7.394670486450195,-3.4526278972625732,2.89388108253479,2.194206714630127
379,4.641460418701172,11.713623046875,4.272039890289307,7.273512840270996,11.426939010620117,5.912986755371094,7.259133815765381,11.547378540039062,8.20828914642334,10.227763175964355,7.319647312164307,12.52486801147461,15.00816822052002,6.133818626403809,8.706456184387207,4.570194721221924
380,4.641460418701172,11.713623046875,4.272039890289307,7.273512840270996,11.426939010620117,5.912986755371094,7.259133815765381,11.547378540039062,8.20828914642334,10.227763175964355,7.319647312164307,12.52486801147461,15.00816822052002,6.133818626403809,8.706456184387207,4.570194721221924
381,2.978170394897461,6.036808490753174,3.341904401779175,1.4655967950820923,13.667889595031738,3.290628433227539,5.285100936889648,6.486238479614258,-2.0032904148101807,3.999192714691162,4.61254358291626,10.133243560791016,17.38031768798828,10.153935432434082,17.047218322753906,10.543484687805176
382,-11.002240180969238,-7.382908821105957,-6.019740581512451,-8.728910446166992,4.43760871887207,-8.685903549194336,-6.746252536773682,-10.517578125,-14.861597061157227,-4.586615562438965,-4.659093856811523,-3.806504249572754,4.708088397979736,10.431864738464355,14.843680381774902,9.59260368347168
383,-1.2163381576538086,-1.2047544717788696,-2.570302724838257,-1.178633213043213,7.228489398956299,-4.673620223999023,-3.9776155948638916,-15.025471687316895,-16.1867618560791,-7.238462924957275,-14.913469314575195,-18.469776153564453,-11.422523498535156,-0.5646270513534546,3.031337022781372,1.6937605142593384
384,10.108277320861816,7.483993053436279,8.098027229309082,9.905214309692383,13.972838401794434,5.045599460601807,6.58915376663208,2.258026361465454,5.542179584503174,6.590131759643555,2.316295623779297,0.5876070857048035,4.149699687957764,5.2765045166015625,11.604094505310059,12.787766456604004
385,11.043388366699219,2.8274097442626953,7.687937259674072,2.4365715980529785,11.320695877075195,2.2439424991607666,4.945647239685059,-7.470492362976074,5.272751331329346,-3.1362879276275635,3.4131195545196533,-2.940133571624756,-0.22999194264411926,9.320131301879883,1.306996464729309,4.056976795196533
386,6.746760845184326,3.916149139404297,7.088582515716553,3.175671100616455,5.370842933654785,6.159867763519287,7.1746344566345215,-3.237422466278076,5.757877349853516,-1.7320932149887085,4.578013896942139,-1.9920880794525146,0.7623354196548462,10.63034439086914,3.8169493675231934,4.235823154449463
387,10.874652862548828,5.203668594360352,8.163386344909668,2.628568172454834,0.38369935750961304,13.50230598449707,7.355906009674072,7.655581951141357,5.419217586517334,5.367133140563965,11.05138111114502,6.577712535858154,4.36525297164917,4.467745304107666,3.945312976837158,2.560032367706299
388,11.728108406066895,2.3126938343048096,1.5123571157455444,-0.9702163338661194,-7.5400285720825195,10.688621520996094,1.5394883155822754,4.478116989135742,7.932054042816162,7.742318630218506,14.242142677307129,9.675877571105957,5.070074081420898,-0.6259956955909729,0.03322542831301689,0.7170031070709229
389,-1.982263207435608,-6.074145317077637,-2.659503936767578,3.9956703186035156,0.15537968277931213,2.049030303955078,5.255861282348633,1.8365362882614136,0.3586875796318054,-3.5503034591674805,1.1181440353393555,-0.04222533479332924,-4.085738658905029,-1.789788007736206,-8.26241683959961,-8.471658706665039
390,6.76931619644165,2.138368844985962,3.127530097961426,8.785325050354004,11.091595649719238,3.700141429901123,10.942160606384277,5.724283218383789,15.494011878967285,2.9664103984832764,5.6773905754089355,4.733575820922852,4.9164018630981445,15.388343811035156,3.960892915725708,6.318101406097412
391,25.997177124023438,17.582904815673828,16.172210693359375,17.0539608001709,16.84004783630371,15.4364595413208,19.024465560913086,18.503379821777344,31.175148010253906,10.524588584899902,14.664785385131836,11.367508888244629,17.161148071289062,17.39534568786621,18.63233184814453,22.99699592590332
392,-1.4335964918136597,0.17987236380577087,7.883143901824951,7.097647666931152,7.49112606048584,7.419977188110352,9.431933403015137,17.388957977294922,13.73818302154541,11.315364837646484,7.914311408996582,8.955191612243652,11.627325057983398,7.201365947723389,11.863435745239258,12.805313110351562
393,-39.90009689331055,-46.34555435180664,-27.470874786376953,-24.737024307250977,-20.79337501525879,-32.55695724487305,-24.767776489257812,-16.240869522094727,-8.73669719696045,1.4828746318817139,-13.89475154876709,-4.6060791015625,-9.164161682128906,-4.502613544464111,-9.024773597717285,-8.997153282165527
394,-41.34571838378906,-36.33303451538086,-18.658451080322266,-20.26049041748047,-49.99129104614258,-25.74823570251465,-19.98745346069336,-14.873011589050293,-17.333635330200195,-21.13729476928711,-32.02490234375,-17.033416748046875,-19.24343490600586,-20.583545684814453,-19.052051544189453,-9.511154174804688
395,-41.34571838378906,-36.33303451538086,-18.658451080322266,-20.26049041748047,-49.99129104614258,-25.74823570251465,-19.98745346069336,-14.873011589050293,-17.333635330200195,-21.13729476928711,-32.02490234375,-17.033416748046875,-19.24343490600586,-20.583545684814453,-19.052051544189453,-9.511154174804688
396,-23.994035720825195,8.132306098937988,5.37006139755249,2.3827648162841797,-19.160415649414062,2.820065498352051,4.851136207580566,4.193620204925537,-18.12588882446289,-22.22086524963379,-36.71932601928711,-20.933448791503906,-15.26618766784668,-27.464466094970703,-14.940491676330566,-9.247386932373047
397,6.044556617736816,3.108830451965332,-1.892394781112671,-3.1055917739868164,26.947792053222656,-9.496613502502441,-4.054269313812256,-6.106080532073975,10.402457237243652,-3.0010175704956055,-2.881631851196289,-5.558102130889893,-1.2877418994903564,-3.258333683013916,2.3059332370758057,-14.695850372314453
398,27.764253616333008,-12.111116409301758,-5.888871669769287,-9.158308982849121,-25.38485336303711,0.6288390755653381,-8.707342147827148,-4.595340728759766,21.8497371673584,-22.451242446899414,0.24894025921821594,-8.80439567565918,-4.668438911437988,-1.3946231603622437,-13.148811340332031,0.4477143883705139
399,62.25850296020508,-6.11546516418457,3.484952449798584,3.7707302570343018,-27.002038955688477,6.6359686851501465,2.972433090209961,5.892269134521484,-23.59469223022461,14.672462463378906,-22.87788200378418,-0.3463153541088104,3.887511730194092,-7.185128211975098,-6.220282554626465,36.31660461425781
400,97.502685546875,12.989273071289062,13.484045028686523,11.05274486541748,31.90635108947754,0.8697917461395264,5.630003929138184,3.3759241104125977,-89.81250762939453,84.4402084350586,32.16939926147461,35.74364471435547,19.59937286376953,16.027626037597656,25.785892486572266,40.753238677978516
401,27.958707809448242,-38.64000701904297,-1.28263258934021,5.884037017822266,28.146591186523438,-21.287399291992188,-2.3133554458618164,-13.722273826599121,-143.4254913330078,36.53687286376953,7.450264930725098,7.826828479766846,-6.2337822914123535,8.257501602172852,-0.27728262543678284,19.970096588134766
402,-17.70674705505371,-82.21302795410156,-17.785703659057617,-17.210529327392578,-72.79601287841797,-45.76131820678711,-17.612241744995117,-22.47791862487793,-131.80648803710938,-20.535282135009766,-82.69694519042969,-23.699081420898438,-12.753713607788086,-4.949617862701416,-13.604644775390625,62.720001220703125
403,-62.19130325317383,-127.67231750488281,-44.439849853515625,-48.48154067993164,-119.2825927734375,-73.24140930175781,-42.02826690673828,-38.685550689697266,-229.83316040039062,-39.66157531738281,-69.72022247314453,-19.199003219604492,-18.211965560913086,-29.536306381225586,-50.87806701660156,130.4527587890625
404,-73.64850616455078,-107.99451446533203,-34.68036651611328,-11.747406005859375,8.757383346557617,-57.30648422241211,-23.559228897094727,-36.01826477050781,-464.2157287597656,-142.1494140625,-109.8582534790039,-65.4718017578125,-43.7554931640625,-52.29669189453125,-60.106231689453125,100.36944580078125
405,21.18831443786621,169.9176025390625,65.90364074707031,54.15922546386719,11.071159362792969,101.59074401855469,46.711708068847656,43.44486999511719,-851.931640625,-49.48352813720703,-9.744941711425781,-8.190765380859375,2.6465542316436768,0.9464991092681885,13.149950981140137,-95.45901489257812
406,-152.43966674804688,203.91867065429688,86.85118103027344,61.84416580200195,1.6633154153823853,131.47926330566406,74.58344268798828,77.56822204589844,-1576.419189453125,177.7917022705078,217.94137573242188,140.75888061523438,77.61727905273438,51.3610954284668,25.57431411743164,-315.8334045410156
407,-329.0687561035156,-97.08458709716797,7.39002799987793,28.186567306518555,-16.18632698059082,-41.729705810546875,27.859010696411133,-0.538174569606781,-2129.767578125,-97.0870590209961,61.75813293457031,66.6874008178711,48.862342834472656,30.911476135253906,17.514118194580078,-514.4100341796875
408,-349.5199890136719,16.955764770507812,30.145938873291016,21.835214614868164,-50.643394470214844,13.04198932647705,24.26081657409668,3.0214345455169678,-2299.196533203125,-430.9060363769531,-82.28766632080078,-19.594860076904297,19.9720401763916,22.302852630615234,79.05792236328125,-751.396484375
409,-540.858154296875,211.49708557128906,87.60128021240234,74.07357025146484,169.0450439453125,166.4146728515625,85.19742584228516,89.45296478271484,-2425.268310546875,-325.1065368652344,158.9486083984375,94.90644073486328,63.86735153198242,64.17034149169922,94.31673431396484,-717.0608520507812
410,-603.9150390625,-21.720773696899414,25.603605270385742,65.90849304199219,169.89552307128906,25.747234344482422,53.903343200683594,54.055931091308594,-1878.4952392578125,-437.01385498046875,166.7493438720703,118.1421127319336,57.83831024169922,72.44429016113281,13.299756050109863,-535.9019165039062
411,-461.0633544921875,11.680371284484863,-16.695531845092773,-32.162723541259766,-61.57478332519531,-31.580842971801758,-11.263213157653809,-3.8273117542266846,-786.8931274414062,-964.3755493164062,-61.461090087890625,38.287208557128906,27.76687240600586,58.63005065917969,52.25115966796875,-499.2138977050781
412,-445.8108825683594,76.8024673461914,-15.93385124206543,-49.45044708251953,-21.543249130249023,14.814595222473145,-21.43337059020996,-2.5427656173706055,0.4039797782897949,-1298.3111572265625,-52.90701675415039,30.881258010864258,-6.430603981018066,-11.864952087402344,1.5185035467147827,-111.94561767578125
413,-475.9256591796875,42.19575500488281,12.795187950134277,48.373634338378906,203.5814208984375,37.73049545288086,23.803464889526367,25.36324119567871,705.0431518554688,-1389.5145263671875,20.7692928314209,37.23025131225586,-26.129837036132812,-45.71072769165039,-77.73026275634766,206.62234497070312
414,-402.41680908203125,73.6395034790039,5.757359504699707,6.036029815673828,92.40830993652344,25.65113639831543,14.56053638458252,15.58833122253418,1235.233154296875,-1219.3941650390625,116.26704406738281,79.4081802368164,34.893714904785156,81.60480499267578,136.89761352539062,54.616416931152344
415,-402.41680908203125,73.6395034790039,5.757359504699707,6.036029815673828,92.40830993652344,25.65113639831543,14.56053638458252,15.58833122253418,1235.233154296875,-1219.3941650390625,116.26704406738281,79.4081802368164,34.893714904785156,81.60480499267578,136.89761352539062,54.616416931152344
416,-290.1628723144531,-75.0877685546875,-75.89998626708984,-102.10481262207031,-182.85853576660156,-105.40648651123047,-80.74100494384766,-63.71415710449219,1573.6549072265625,-986.6141357421875,-15.189162254333496,24.87620735168457,-18.820096969604492,34.19722366333008,42.5625,221.21121215820312
417,-159.83448791503906,-31.76757049560547,-62.61932373046875,-71.40470123291016,-148.40774536132812,-63.358158111572266,-82.25249481201172,-68.87584686279297,1702.3369140625,-862.53466796875,-111.79942321777344,-50.01063919067383,-110.89155578613281,-141.8150634765625,-241.17926025390625,652.6790161132812
418,-0.011197849176824093,14.471088409423828,-25.285539627075195,-20.95439910888672,49.605125427246094,-10.810635566711426,-31.670473098754883,-30.361431121826172,1639.26708984375,-472.5357666015625,1.8886345624923706,0.3698139190673828,-67.55957794189453,-99.92195892333984,-133.7525177001953,617.4832763671875
419,143.022705078125,-20.214107513427734,-9.079620361328125,8.988102912902832,183.0919189453125,-13.680760383605957,-0.6060356497764587,-15.186357498168945,1660.257080078125,-266.7823791503906,-77.46031951904297,-16.672134399414062,-25.05778694152832,-0.9708068370819092,75.62824249267578,207.37503051757812
420,212.19781494140625,-40.95723342895508,-35.44401931762695,-50.16466522216797,-157.1917724609375,-40.01658630371094,-47.18769836425781,-43.506412506103516,1461.4298095703125,-153.08424377441406,-49.442832946777344,-37.85490417480469,-23.435304641723633,0.8938648700714111,38.49894332885742,187.70208740234375
421,260.7469787597656,-65.16249084472656,-42.8113899230957,-46.55126953125,-188.29908752441406,-47.38444900512695,-53.77119827270508,-41.522315979003906,1120.768310546875,277.9324951171875,19.412525177001953,-0.8481678366661072,-35.55402374267578,-48.9656867980957,-113.97258758544922,364.09039306640625
422,321.6948547363281,17.93840980529785,26.19050407409668,66.32850646972656,254.18373107910156,40.27712631225586,34.84281921386719,17.67960548400879,938.7269897460938,436.6908264160156,27.10547637939453,6.8204145431518555,-25.489030838012695,-56.53132629394531,-83.18675994873047,338.4732666015625
423,342.8519592285156,48.19804763793945,28.644302368164062,36.361244201660156,113.17351531982422,43.209415435791016,32.31251525878906,25.44900894165039,836.98291015625,375.8099670410156,3.2615292072296143,-25.374168395996094,29.24473762512207,60.460044860839844,140.08712768554688,56.13008499145508
424,267.63232421875,-153.283203125,-72.5627670288086,-80.31088256835938,-205.717529296875,-98.73231506347656,-64.85376739501953,-59.875736236572266,635.6351318359375,503.76678466796875,-71.32244110107422,-28.170385360717773,16.826791763305664,23.077560424804688,38.68929672241211,-10.142940521240234
425,170.62977600097656,19.832162857055664,19.633811950683594,26.704498291015625,155.78390502929688,29.697208404541016,28.099056243896484,28.144195556640625,183.0755615234375,761.9949951171875,55.20068359375,27.205568313598633,37.86771774291992,41.02003479003906,28.106935501098633,85.12806701660156
426,244.2811737060547,-9.706215858459473,-12.430039405822754,-19.969816207885742,-88.3656997680664,-31.246353149414062,-11.844226837158203,-3.8041884899139404,163.2750244140625,577.8097534179688,-38.07455062866211,-29.040372848510742,23.713176727294922,39.96736526489258,72.18407440185547,-109.30960845947266
427,198.8525390625,9.206156730651855,0.5622128248214722,8.191802978515625,-21.56655502319336,0.7897661328315735,-7.889974117279053,-5.132033824920654,-0.3955446779727936,537.4339599609375,-19.981426239013672,-32.21063995361328,8.227407455444336,7.2091217041015625,2.511686086654663,-10.844788551330566
428,200.12232971191406,-23.62676429748535,-6.820001602172852,1.6850934028625488,26.208539962768555,-4.288466930389404,-10.204339027404785,-18.879356384277344,-87.54391479492188,528.3536987304688,-37.25547409057617,-54.52967834472656,-35.01816177368164,-29.70063591003418,-82.04142761230469,92.39891052246094
429,98.40538787841797,-11.445600509643555,6.055899620056152,-4.218892574310303,16.286312103271484,11.577596664428711,3.089317560195923,1.2161303758621216,-160.82766723632812,588.3334350585938,68.3400650024414,-9.027339935302734,-0.5996695160865784,22.516582489013672,16.419485092163086,70.10144805908203
430,87.17971801757812,-19.49446678161621,1.015805721282959,-19.52227020263672,-70.91011810302734,-27.661895751953125,-6.80073881149292,-10.989216804504395,-68.42747497558594,526.8170166015625,79.43729400634766,7.395755290985107,18.752958297729492,15.140586853027344,1.4587178230285645,-26.973554611206055
431,189.4163055419922,-47.4755859375,-10.838371276855469,5.241304874420166,-20.86577796936035,-28.17072296142578,-7.538849353790283,-16.557931900024414,-145.50035095214844,466.17181396484375,-40.602149963378906,-34.916046142578125,-5.826441764831543,-23.90282440185547,19.422086715698242,-177.5546417236328
432,77.84163665771484,54.55715560913086,32.34954071044922,61.8639030456543,191.25379943847656,47.23972702026367,44.37443542480469,28.10852813720703,-169.05316162109375,391.2715148925781,13.178448677062988,-16.80763816833496,9.452291488647461,18.92460060119629,22.162057876586914,13.292115211486816
433,35.826751708984375,6.398285865783691,3.839031934738159,-27.486251831054688,-117.06527709960938,3.1318724155426025,1.3865193128585815,8.680996894836426,-85.04248809814453,368.30865478515625,45.86020278930664,-4.1579461097717285,22.041240692138672,41.389892578125,30.592708587646484,48.7392463684082
434,242.5747528076172,-31.838348388671875,-9.142443656921387,-8.728494644165039,-70.68161010742188,-25.737321853637695,-12.579715728759766,-10.641342163085938,-135.55162048339844,360.1835632324219,3.583993434906006,-7.92535400390625,-10.462635040283203,-38.7393684387207,-30.164865493774414,64.24363708496094
435,94.2719955444336,83.16653442382812,28.13398551940918,46.021453857421875,140.8309326171875,41.00896072387695,31.64216423034668,21.955373764038086,-86.84806823730469,243.16156005859375,26.211565017700195,-7.479079723358154,-3.6694488525390625,-11.100128173828125,-33.302608489990234,-19.862634658813477
436,-29.687742233276367,-67.75053405761719,-28.88567543029785,-39.75693893432617,-81.20272827148438,-26.42464828491211,-20.043563842773438,-5.957363128662109,-126.52818298339844,290.5616455078125,80.96180725097656,19.545589447021484,19.456619262695312,31.047657012939453,33.48247528076172,-130.92503356933594
437,221.83895874023438,12.391355514526367,11.740365028381348,18.52607536315918,-47.19145202636719,-3.882598638534546,11.340590476989746,20.17543601989746,-72.7063980102539,160.2908935546875,-1.0893758535385132,1.9988542795181274,16.819318771362305,-3.622936725616455,30.140043258666992,50.45872116088867
438,62.95917892456055,135.76332092285156,31.39002799987793,19.297767639160156,37.08026123046875,47.99993896484375,17.901121139526367,21.625185012817383,-60.8426513671875,90.29003143310547,-8.21237850189209,-7.028092861175537,-4.9478631019592285,-31.14701271057129,-18.191139221191406,59.60893630981445
439,-25.60243034362793,28.806039810180664,19.559425354003906,31.438520431518555,192.3975830078125,48.06547546386719,28.188905715942383,27.511207580566406,-175.2263946533203,134.9309844970703,115.45800018310547,35.44020462036133,5.731375694274902,8.669215202331543,-2.8077781200408936,-69.13707733154297
440,-25.60243034362793,28.806039810180664,19.559425354003906,31.438520431518555,192.3975830078125,48.06547546386719,28.188905715942383,27.511207580566406,-175.2263946533203,134.9309844970703,115.45800018310547,35.44020462036133,5.731375694274902,8.669215202331543,-2.8077781200408936,-69.13707733154297
441,113.64510345458984,-43.59621810913086,-0.5634697675704956,18.536312103271484,39.21725082397461,-18.420551300048828,11.296562194824219,7.45361852645874,-64.30087280273438,26.600244522094727,45.569766998291016,15.957777976989746,32.811038970947266,64.45747375488281,85.75425720214844,-139.86056518554688
442,64.74996185302734,-22.842302322387695,-60.2796516418457,-106.84292602539062,-297.1321716308594,-68.96199035644531,-73.85529327392578,-60.112274169921875,72.8634262084961,-73.23287963867188,-130.32252502441406,-69.15682220458984,-38.2259407043457,-42.291831970214844,-37.73393630981445,-41.26603698730469
443,68.71836853027344,11.705788612365723,-0.7221153378486633,-13.910037994384766,-57.41427993774414,23.43368911743164,-3.918156862258911,4.7074198722839355,-64.77609252929688,-30.874223709106445,-32.99039840698242,-36.91941833496094,-44.53444290161133,-89.2454833984375,-114.33990478515625,110.75080108642578
444,-7.676502227783203,4.497016429901123,30.523115158081055,66.33092498779297,206.62060546875,33.35348129272461,39.31283187866211,28.022220611572266,-139.8447265625,54.5797004699707,132.21527099609375,48.30551528930664,24.659992218017578,19.111669540405273,23.399913787841797,-10.738456726074219
445,122.26985931396484,-9.363271713256836,-13.62806510925293,-29.393238067626953,-75.72309112548828,-26.270071029663086,-12.685103416442871,-8.2438325881958,45.04151916503906,-112.88495635986328,-71.79728698730469,-42.99879455566406,-17.064298629760742,-9.134256362915039,11.742344856262207,-55.63947677612305
446,43.47173309326172,8.676407814025879,6.436150550842285,2.5952579975128174,-44.19845962524414,15.702890396118164,11.655388832092285,18.48544692993164,12.878236770629883,-44.01088333129883,-30.99503517150879,-23.258718490600586,-9.09972095489502,-16.283693313598633,-13.6380033493042,-2.3170292377471924
447,-65.60545349121094,-44.78462600708008,2.8273046016693115,6.814359664916992,-29.441801071166992,16.84231185913086,10.097933769226074,21.22191619873047,-98.2771987915039,17.790178298950195,15.19385814666748,20.348440170288086,27.5765323638916,27.601638793945312,35.04607391357422,-55.06153106689453
448,-16.215761184692383,-55.558780670166016,-20.046789169311523,-0.25385892391204834,93.97858428955078,-38.41288757324219,-12.671340942382812,-22.41361427307129,-86.03125762939453,-28.687955856323242,21.443342208862305,15.329939842224121,-2.473536968231201,-15.419689178466797,-33.16521453857422,106.65782928466797
449,68.19527435302734,84.61629486083984,18.007640838623047,28.53300666809082,101.4441146850586,26.58213233947754,13.7097749710083,1.7063740491867065,20.707401275634766,-72.3356704711914,-20.497407913208008,-16.33885955810547,-14.700916290283203,-14.852203369140625,-47.56412887573242,97.19634246826172
450,29.558195114135742,-31.90059471130371,-17.875398635864258,-42.266910552978516,-126.53477478027344,-8.498744010925293,-17.197162628173828,-2.361584186553955,84.19930267333984,-79.43287658691406,-51.86286544799805,-16.91370964050293,19.27378273010254,34.894718170166016,95.97650146484375,-178.51588439941406
451,-14.033935546875,-64.18122100830078,-18.125926971435547,-42.36643981933594,-123.93061065673828,-18.367061614990234,-16.37911033630371,2.7169628143310547,-75.7784423828125,70.74554443359375,81.96907043457031,41.9019889831543,24.230615615844727,7.469503879547119,46.86553192138672,-40.16242980957031
452,-34.61211013793945,-40.9949951171875,-9.767244338989258,3.9067540168762207,49.67609405517578,-6.151801109313965,-6.378153324127197,-9.723740577697754,-53.01755905151367,8.405109405517578,16.609058380126953,-6.470367908477783,-27.8961181640625,-46.99679946899414,-97.90787506103516,85.99201202392578
453,-11.022822380065918,8.857757568359375,-13.374122619628906,-1.3051918745040894,87.46625518798828,-4.04050874710083,-19.014301300048828,-28.620798110961914,32.89889144897461,-103.30926513671875,-91.13109588623047,-50.610294342041016,-37.05847930908203,-31.89053726196289,-47.78091049194336,35.40412902832031
454,61.96904754638672,85.05453491210938,13.82180404663086,2.619846820831299,-5.412452697753906,11.659942626953125,-7.433261394500732,-6.633036136627197,-40.72764205932617,27.19148063659668,1.8002444505691528,-0.6350801587104797,-3.971646308898926,8.816718101501465,9.669229507446289,28.306644439697266
455,61.96904754638672,85.05453491210938,13.82180404663086,2.619846820831299,-5.412452697753906,11.659942626953125,-7.433261394500732,-6.633036136627197,-40.72764205932617,27.19148063659668,1.8002444505691528,-0.6350801587104797,-3.971646308898926,8.816718101501465,9.669229507446289,28.306644439697266
456,-11.703580856323242,-82.91778564453125,-19.167810440063477,-24.260053634643555,-55.25889205932617,-46.6562385559082,-17.101337432861328,-12.90561580657959,73.77986907958984,-36.397544860839844,-24.316862106323242,-20.86721420288086,-8.305330276489258,-9.56488037109375,-14.070837020874023,-23.772157669067383
457,-26.27933692932129,-21.781692504882812,16.648235321044922,9.073297500610352,-29.976293563842773,25.299470901489258,19.10622787475586,25.985198974609375,-34.92018127441406,23.031461715698242,30.459732055664062,11.858287811279297,20.844573974609375,15.576632499694824,29.21497917175293,-56.53386306762695
458,-41.543704986572266,22.235313415527344,12.591655731201172,24.486804962158203,21.898237228393555,19.474483489990234,12.568808555603027,7.496227741241455,-79.51377868652344,25.6060848236084,14.611345291137695,1.342209815979004,4.122826099395752,5.378849983215332,-0.9871692061424255,24.07253646850586
459,3.5655007362365723,-32.862308502197266,-17.708662033081055,-5.604306697845459,48.33718490600586,-40.68783187866211,-11.771361351013184,-20.182451248168945,34.692569732666016,-68.94537353515625,-41.943756103515625,-25.626197814941406,-13.426240921020508,-15.880475044250488,-18.88405990600586,76.9881362915039
460,77.36661529541016,32.4190788269043,21.64494514465332,18.57094955444336,31.090713500976562,6.74153995513916,17.677907943725586,11.274438858032227,-9.053255081176758,31.406171798706055,1.1671754121780396,15.879276275634766,21.74838638305664,31.218233108520508,31.11037826538086,64.50069427490234
461,-29.14423179626465,-29.400936126708984,-0.8360400795936584,8.241654396057129,28.413408279418945,-3.2059414386749268,4.987539291381836,-6.800300598144531,10.102136611938477,6.721670627593994,-43.31163024902344,-6.666515350341797,1.627874493598938,19.035079956054688,8.147921562194824,49.74812698364258
462,-2.916187286376953,-20.169164657592773,7.147907733917236,0.8539547920227051,-19.888500213623047,18.505615234375,16.54953956604004,22.585004806518555,-13.154264450073242,45.58665466308594,46.325809478759766,26.098052978515625,19.04778480529785,20.63404083251953,27.24581527709961,-30.16812515258789
463,53.50395965576172,74.98094177246094,38.401676177978516,30.630451202392578,13.555062294006348,39.19227600097656,38.621437072753906,41.508819580078125,6.218173980712891,11.68027114868164,48.7159423828125,32.343719482421875,33.210182189941406,33.153072357177734,40.51927947998047,-14.756293296813965
464,2.1498053073883057,-7.328193664550781,-1.2479652166366577,-5.751662731170654,-31.913284301757812,5.569060802459717,-7.535989761352539,-4.0516510009765625,34.1107063293457,-8.330096244812012,1.2459267377853394,8.196942329406738,9.868995666503906,30.24557876586914,13.958069801330566,57.81370544433594
465,-31.494722366333008,-60.945213317871094,-36.02019500732422,-55.908931732177734,-116.27522277832031,-40.05265426635742,-43.26310729980469,-31.510969161987305,-1.521810531616211,85.83475494384766,26.795955657958984,10.928352355957031,-15.54716682434082,-11.564213752746582,-22.258989334106445,23.416461944580078
466,-16.353899002075195,19.526432037353516,-10.475531578063965,-0.4691304862499237,126.57907104492188,-21.384292602539062,-7.483770370483398,-20.581666946411133,21.090068817138672,-53.915489196777344,-73.95659637451172,-47.632354736328125,-41.09407424926758,-38.12729263305664,-27.469377517700195,-37.18484115600586
467,39.60109329223633,-39.80254364013672,-0.7019123435020447,18.86677360534668,16.830049514770508,5.501735210418701,9.694387435913086,9.94676685333252,-37.56073760986328,42.62778091430664,-1.9789130687713623,3.3075661659240723,4.473384857177734,19.187999725341797,-10.814311981201172,8.97398567199707
468,4.177759170532227,18.8928279876709,3.9409713745117188,-12.685232162475586,-138.350341796875,3.0083253383636475,-0.28644877672195435,11.260415077209473,-7.846626281738281,55.49235534667969,45.044700622558594,22.94590187072754,4.464900016784668,-20.49884033203125,-52.842567443847656,104.07440185546875
469,4.566496849060059,25.902111053466797,0.872401773929596,-1.553218126296997,18.163007736206055,3.6333630084991455,-3.298353672027588,-6.580489635467529,63.35332107543945,-71.75069427490234,-35.33686447143555,-21.04850959777832,-7.089353561401367,-21.767059326171875,5.6862077713012695,34.1512565612793
470,4.566496849060059,25.902111053466797,0.872401773929596,-1.553218126296997,18.163007736206055,3.6333630084991455,-3.298353672027588,-6.580489635467529,63.35332107543945,-71.75069427490234,-35.33686447143555,-21.04850959777832,-7.089353561401367,-21.767059326171875,5.6862077713012695,34.1512565612793
471,0.8258179426193237,-47.717384338378906,2.446725368499756,22.45419692993164,38.22748565673828,0.06353288888931274,9.512887001037598,5.415809631347656,-16.061975479125977,29.402511596679688,-3.1189053058624268,5.903315544128418,12.962316513061523,25.576631546020508,62.73200988769531,-124.00633239746094
472,10.917937278747559,95.6285171508789,41.353267669677734,49.644596099853516,117.26939392089844,51.439693450927734,35.49821853637695,29.97319793701172,-39.58033752441406,19.72003936767578,42.34423065185547,10.682310104370117,6.714799404144287,19.203754425048828,34.25147247314453,-76.69474029541016
473,18.868825912475586,51.89358139038086,7.157325267791748,-3.7514498233795166,-3.942638397216797,7.689749240875244,-4.658327102661133,-3.54042911529541,80.13571166992188,-24.672603607177734,19.113361358642578,7.753235340118408,8.773574829101562,17.2110595703125,-8.798223495483398,71.30770111083984
474,-53.320655822753906,-94.62432098388672,-40.65593719482422,-49.98230743408203,-116.27916717529297,-71.01617431640625,-33.75636672973633,-29.167898178100586,37.374427795410156,-34.03030776977539,-36.75771713256836,-21.112686157226562,-16.502992630004883,-20.238250732421875,-51.04366683959961,22.234760284423828
475,-9.699134826660156,48.20792007446289,19.467266082763672,14.311326026916504,22.62786293029785,46.73838806152344,7.511861324310303,15.264062881469727,35.8536491394043,5.80179500579834,-4.892205715179443,3.3033766746520996,-2.533646583557129,-17.011016845703125,-11.601325988769531,89.96887969970703
476,32.538063049316406,10.939654350280762,3.7891082763671875,19.559829711914062,95.71846008300781,5.939326286315918,6.764358997344971,7.075532913208008,-6.398093223571777,54.05036163330078,41.198829650878906,31.881851196289062,11.353442192077637,-1.8682855367660522,31.102115631103516,-33.12740707397461
477,1.5870983600616455,35.38188171386719,-0.9769253134727478,2.047166347503662,14.459688186645508,-11.672232627868652,-0.5576891899108887,0.5130182504653931,-7.559992790222168,-12.520112991333008,15.546845436096191,8.382832527160645,18.726398468017578,29.14798927307129,59.38319396972656,-105.59674835205078
478,-63.996978759765625,5.3677520751953125,2.1682605743408203,-8.306097030639648,-8.59266185760498,13.661918640136719,4.529431343078613,14.619231224060059,9.53490924835205,-31.52058219909668,-27.530384063720703,-12.980052947998047,-0.025549285113811493,-8.840102195739746,-34.20351028442383,41.05591583251953
479,22.194801330566406,-11.817052841186523,16.006668090820312,12.742743492126465,3.2033214569091797,5.288405418395996,17.24446678161621,18.80047035217285,-53.4573974609375,70.97743225097656,30.300457000732422,26.92143440246582,22.07151985168457,14.847885131835938,26.335552215576172,-29.678768157958984
480,16.504995346069336,10.434125900268555,3.252373218536377,-5.252575397491455,-17.399091720581055,-13.561151504516602,-10.804781913757324,-13.143651008605957,27.753902435302734,-52.68899917602539,-34.405311584472656,-20.51771354675293,-8.138466835021973,3.9132297039031982,30.73907470703125,-61.01864242553711
481,-35.41229248046875,-56.28806686401367,-15.412196159362793,-8.402830123901367,19.93340492248535,-16.679672241210938,-17.048532485961914,-17.60798454284668,-16.604040145874023,-7.588497161865234,28.231563568115234,0.23704232275485992,-19.106813430786133,-21.48714828491211,-63.91030502319336,41.66297912597656
482,-90.921875,-16.779251098632812,-7.501272201538086,2.991894006729126,11.718194007873535,-11.877555847167969,-5.066893100738525,-6.462263107299805,33.8796501159668,-36.5539665222168,-5.865945816040039,-5.344645977020264,0.5358293652534485,-0.5203709006309509,-25.977149963378906,34.7299919128418
483,19.977006912231445,106.0492172241211,29.289222717285156,17.45184898376465,-2.784893035888672,44.9106559753418,21.877182006835938,25.077850341796875,-22.724319458007812,-26.4582462310791,-30.640775680541992,-21.43636131286621,-6.996931552886963,-7.407059669494629,8.43271255493164,-32.40575408935547
484,16.187828063964844,-16.00094223022461,17.53757095336914,15.821675300598145,-14.307534217834473,14.378637313842773,19.498971939086914,16.248355865478516,-84.66663360595703,74.34909057617188,71.71904754638672,41.08244323730469,26.006933212280273,31.066570281982422,24.19157600402832,-45.23741912841797
485,-33.03567886352539,-26.117332458496094,3.135122776031494,12.292902946472168,34.654605865478516,-15.024343490600586,1.6686152219772339,-8.83056926727295,37.52799987792969,-61.6718635559082,-5.72589635848999,0.9745503664016724,13.421903610229492,29.688858032226562,19.014083862304688,44.19639205932617
486,5.339277267456055,50.33674621582031,13.428499221801758,14.70583438873291,63.59307861328125,27.392444610595703,11.928744316101074,11.94399642944336,-14.44838809967041,-50.923500061035156,-13.440608978271484,-10.169717788696289,-6.817776679992676,-8.563215255737305,8.290228843688965,13.983597755432129
487,-80.77367401123047,-35.48367691040039,-15.302149772644043,-16.505475997924805,-28.017183303833008,-2.728593349456787,-7.476917266845703,3.8842806816101074,-0.42902976274490356,-12.730345726013184,16.522674560546875,16.454853057861328,9.401558876037598,8.684368133544922,16.786542892456055,-30.952253341674805
488,-30.451181411743164,-35.46221160888672,-19.23992347717285,-10.507150650024414,-16.698741912841797,-25.365690231323242,-10.802617073059082,-9.090531349182129,26.64592170715332,-65.46197509765625,-16.870655059814453,1.361709475517273,2.139165163040161,1.4529633522033691,6.229986667633057,-3.320275068283081
489,0.8128844499588013,-29.42002296447754,-8.489126205444336,-7.126054763793945,5.309092044830322,-12.574581146240234,-1.2744457721710205,-3.0179710388183594,-22.830249786376953,-64.61588287353516,-15.304813385009766,-5.839606761932373,-1.9551752805709839,-7.083446502685547,1.0605605840682983,-12.148748397827148
490,-23.681787490844727,25.181598663330078,-12.527456283569336,-32.806068420410156,-54.40095520019531,-3.6366500854492188,-21.607473373413086,-12.403220176696777,-23.005096435546875,-65.00849914550781,-10.28587532043457,-9.93821907043457,-15.48805046081543,-17.415544509887695,-40.30207061767578,2.816567897796631
491,-16.018529891967773,21.320655822753906,-10.11948013305664,-15.526520729064941,-12.10627555847168,3.4558703899383545,-14.08311653137207,-9.587446212768555,-6.437377452850342,-81.24986267089844,-19.797548294067383,-12.318232536315918,-20.686758041381836,-31.69681167602539,-22.14511489868164,-14.421111106872559
492,-29.12032127380371,-15.171659469604492,7.954005241394043,16.678876876831055,35.980857849121094,10.124696731567383,15.326361656188965,12.32903003692627,10.645447731018066,-86.89512634277344,20.434377670288086,5.456042766571045,7.7665863037109375,6.363277435302734,20.715333938598633,-2.5964276790618896
493,-11.853819847106934,27.81965446472168,10.156426429748535,3.9761781692504883,-17.563579559326172,6.132803916931152,8.375829696655273,8.982789993286133,8.887506484985352,-65.05133056640625,22.813386917114258,11.430065155029297,18.778535842895508,21.656415939331055,5.11588191986084,29.42803955078125
494,-26.659072875976562,3.6419150829315186,-0.8468493223190308,-3.355992317199707,-15.054773330688477,0.8152650594711304,3.40370774269104,6.854361057281494,-12.997047424316406,-42.842140197753906,3.6094934940338135,0.28656983375549316,6.0494914054870605,8.696964263916016,-3.1744465827941895,10.580765724182129
495,-12.501256942749023,10.294565200805664,6.512028694152832,6.41057825088501,11.79477596282959,11.031363487243652,7.721277713775635,10.653056144714355,14.50129508972168,-73.1784439086914,14.497675895690918,0.6466870903968811,3.089099645614624,5.069563865661621,4.890214920043945,3.8449959754943848
496,-42.8922233581543,-4.621094226837158,-11.217199325561523,-14.459673881530762,-19.486495971679688,-11.979602813720703,-14.86528491973877,-10.256034851074219,29.214632034301758,-81.70089721679688,-10.627044677734375,-9.888737678527832,-8.403125762939453,-9.687458038330078,-9.095793724060059,5.522633075714111
497,-46.947288513183594,-31.825111389160156,-14.089606285095215,-7.563178062438965,-7.80322265625,-27.7473087310791,-13.836159706115723,-14.820959091186523,11.040237426757812,-41.81561279296875,-23.209630966186523,-25.0710391998291,-17.770084381103516,-14.148839950561523,-13.476354598999023,7.428343772888184
498,-7.448966026306152,-11.51651382446289,-2.729823589324951,-0.02292078733444214,-6.552337169647217,-9.658340454101562,-3.665058135986328,-5.979130744934082,43.7930793762207,-5.177868843078613,-22.171125411987305,-28.654600143432617,-9.914636611938477,-4.33314323425293,-3.401754856109619,15.602971076965332
499,-32.41315841674805,-15.35488224029541,-6.8533101081848145,-9.635536193847656,-22.459964752197266,-1.4739835262298584,-8.150593757629395,-1.5220937728881836,46.20771026611328,46.24580001831055,-5.386404514312744,-29.255491256713867,-8.449577331542969,-2.9942665100097656,-11.788264274597168,14.812867164611816
