,0,1,2,3,4,5,6,7,8,9,10,11,12,13,14,15
0,5.0275115966796875,1.0463429689407349,11.729297637939453,7.926146984100342,2.959408760070801,7.667208194732666,-3.1849493980407715,5.403721332550049,-4.246672630310059,-6.520169258117676,-2.873075008392334,1.877314567565918,6.769384860992432,0.524874746799469,4.168489933013916,-5.213998317718506
1,7.476956367492676,4.8658647537231445,9.159910202026367,10.362778663635254,14.88000774383545,6.455572605133057,-2.008849859237671,7.454133987426758,2.288109064102173,-1.0809017419815063,2.2399749755859375,8.942644119262695,9.271404266357422,5.225916385650635,4.23968505859375,2.980349540710449
2,8.95187759399414,7.570878028869629,6.872457027435303,6.261472702026367,4.1761298179626465,8.194997787475586,-1.0419198274612427,6.979918479919434,8.446086883544922,2.5338711738586426,9.52718448638916,13.190661430358887,8.215916633605957,13.138699531555176,5.387373924255371,9.165607452392578
3,8.242701530456543,7.380014419555664,5.867527484893799,5.104211807250977,-4.297017574310303,5.602778434753418,3.8187384605407715,4.431155681610107,7.911326885223389,7.833347797393799,10.064865112304688,11.279799461364746,6.583774566650391,12.270322799682617,4.399632453918457,3.742525815963745
4,3.0745413303375244,2.6069185733795166,5.753248691558838,4.696166038513184,0.21190008521080017,3.4341042041778564,3.3148159980773926,0.6205909848213196,1.2523627281188965,7.2357707023620605,4.988970756530762,5.088723659515381,0.4366630017757416,5.540913105010986,-0.738336980342865,0.7367530465126038
5,3.135128974914551,7.859107971191406,2.558804988861084,3.4286909103393555,-0.32521453499794006,-0.7328537106513977,3.680319309234619,4.213800430297852,10.91362190246582,7.357639789581299,8.110723495483398,6.886055946350098,-2.625936985015869,1.6779452562332153,1.0801187753677368,2.0260567665100098
6,-3.003138303756714,-0.34580546617507935,-0.7454959154129028,0.8720325231552124,1.9994946718215942,-2.031336545944214,-0.2610172927379608,0.5520793199539185,-2.425553321838379,5.337594509124756,-6.855025291442871,-6.912786483764648,-0.2701057493686676,-2.088571071624756,1.157991886138916,0.22065268456935883
7,-9.0271577835083,-4.746296405792236,-0.5047788619995117,1.4756942987442017,5.0279364585876465,-0.10606728494167328,-2.313291549682617,-2.0260977745056152,1.5085396766662598,0.9410952925682068,-5.519953727722168,-7.475569725036621,3.7721822261810303,-7.132497310638428,1.7740386724472046,10.90077018737793
8,-30.86608123779297,-14.170262336730957,-19.322921752929688,-16.201160430908203,-14.652984619140625,-20.269746780395508,-2.7924108505249023,-10.512311935424805,-17.134525299072266,-4.805767059326172,-12.24926471710205,-9.08050537109375,2.1807117462158203,-8.755362510681152,4.415884971618652,0.5245822072029114
9,-12.70798110961914,-10.166759490966797,-8.855688095092773,-4.672563076019287,-8.752214431762695,-10.482333183288574,-0.6801440119743347,-6.698779582977295,-21.500513076782227,-6.861550807952881,-19.87143325805664,-20.777536392211914,-8.454751014709473,-7.523352146148682,4.617263317108154,-6.292267322540283
10,-9.0271577835083,-4.746296405792236,-0.5047788619995117,1.4756942987442017,5.0279364585876465,-0.10606728494167328,-2.313291549682617,-2.0260977745056152,1.5085396766662598,0.9410952925682068,-5.519953727722168,-7.475569725036621,3.7721822261810303,-7.132497310638428,1.7740386724472046,10.90077018737793
11,-30.86608123779297,-14.170262336730957,-19.322921752929688,-16.201160430908203,-14.652984619140625,-20.269746780395508,-2.7924108505249023,-10.512311935424805,-17.134525299072266,-4.805767059326172,-12.24926471710205,-9.08050537109375,2.1807117462158203,-8.755362510681152,4.415884971618652,0.5245822072029114
12,-12.70798110961914,-10.166759490966797,-8.855688095092773,-4.672563076019287,-8.752214431762695,-10.482333183288574,-0.6801440119743347,-6.698779582977295,-21.500513076782227,-6.861550807952881,-19.87143325805664,-20.777536392211914,-8.454751014709473,-7.523352146148682,4.617263317108154,-6.292267322540283
13,0.5322979688644409,0.899194598197937,8.219030380249023,15.433395385742188,9.820001602172852,7.771941661834717,3.2064249515533447,2.518199920654297,-2.531348943710327,-5.281599521636963,-7.184999942779541,-11.933939933776855,-1.4745031595230103,-4.203956127166748,4.015537261962891,-3.284003734588623
14,8.106330871582031,8.873597145080566,15.827659606933594,25.137432098388672,22.063533782958984,16.66253662109375,5.254042625427246,5.773509979248047,7.93330717086792,-0.5128170251846313,9.291206359863281,6.783239364624023,4.5388503074646,1.8494006395339966,5.169083118438721,5.7742228507995605
15,3.8496997356414795,7.049688816070557,1.3907629251480103,6.266447067260742,1.8160016536712646,0.2736349105834961,4.0320353507995605,4.6230621337890625,20.32489585876465,11.326623916625977,29.574100494384766,24.7922306060791,11.600627899169922,5.742380142211914,2.5255544185638428,16.033702850341797
16,-8.760141372680664,-6.2746710777282715,-11.87092399597168,-7.378170490264893,-8.334834098815918,-10.408403396606445,-3.0201919078826904,-4.93383264541626,-5.413956165313721,3.266077995300293,3.2834479808807373,7.065889358520508,4.343264579772949,7.3902268409729,1.7888585329055786,-4.948319435119629
17,0.35422268509864807,-4.296600341796875,-6.3210835456848145,0.006808392237871885,-4.465305328369141,-4.001717567443848,-5.908392429351807,-3.727123737335205,-12.435376167297363,0.4022938311100006,-5.075672626495361,-4.0349884033203125,0.24741032719612122,2.184361457824707,-0.8224664926528931,-4.086925506591797
18,-5.107393741607666,-7.247779846191406,-9.949149131774902,-6.012650966644287,-9.778837203979492,-10.09240436553955,-9.672364234924316,-4.4153313636779785,1.228243350982666,3.5713083744049072,8.681588172912598,2.513765335083008,-0.8577942848205566,-1.2309542894363403,-3.685537576675415,1.360245704650879
19,-3.576949119567871,-12.803069114685059,-9.961119651794434,-10.678118705749512,-8.09908676147461,-12.255538940429688,-10.747227668762207,-8.249523162841797,-6.708296775817871,1.6672370433807373,-16.50091552734375,-11.484898567199707,-10.406986236572266,-7.652973651885986,-8.550943374633789,-23.47402000427246
20,4.976348400115967,5.063610076904297,4.399709701538086,1.3344985246658325,3.3653995990753174,7.495995044708252,1.4189635515213013,1.113259196281433,5.8280558586120605,0.44267332553863525,5.172558784484863,3.1780784130096436,-3.5493500232696533,-7.620692253112793,0.7067916393280029,11.185811996459961
21,-11.860857009887695,-10.046777725219727,-10.224422454833984,-13.439774513244629,-5.656283378601074,-5.412153244018555,-0.7900605797767639,-8.461297988891602,-3.1018853187561035,-6.855244159698486,-11.519287109375,-7.135610103607178,-7.415801525115967,-14.037542343139648,-2.2841005325317383,-5.101171493530273
22,-21.484289169311523,-15.51637077331543,-13.89699935913086,-17.42190170288086,-10.000748634338379,-14.838261604309082,-1.8977768421173096,-8.975074768066406,-16.080875396728516,-6.797088146209717,-16.759302139282227,-12.714204788208008,-9.07595443725586,-7.465390205383301,-0.32451632618904114,-5.653059482574463
23,6.298786640167236,6.500128746032715,6.085142135620117,0.5672590732574463,7.465931415557861,4.371434688568115,-0.639030396938324,2.688206195831299,-4.9459452629089355,-7.473186492919922,-5.705949783325195,-10.184431076049805,-9.381977081298828,-0.380480021238327,2.2551348209381104,2.375627279281616
24,18.399213790893555,16.902189254760742,10.295733451843262,2.4666099548339844,2.855656385421753,12.069193840026855,2.74810791015625,8.284167289733887,12.364630699157715,-1.2196156978607178,9.969876289367676,6.959561824798584,4.174543380737305,0.9988235235214233,8.578459739685059,3.4230313301086426
25,5.468986988067627,0.28251785039901733,-1.3830763101577759,-6.185965538024902,-5.92877197265625,1.8645000457763672,4.74520206451416,6.052663803100586,-2.387266159057617,3.9187276363372803,1.24917733669281,9.683740615844727,7.5506181716918945,4.433821678161621,1.7096835374832153,-7.67287540435791
26,10.778544425964355,3.4853568077087402,6.167830944061279,3.965397596359253,0.7306538224220276,5.700439929962158,7.054133415222168,7.022332191467285,-3.5693485736846924,4.085818767547607,2.020522117614746,6.199391841888428,-0.6055155992507935,5.1147685050964355,-2.987849235534668,-6.256979465484619
27,-0.08113202452659607,-3.2980785369873047,-4.343635559082031,-3.352834939956665,-3.620811939239502,-1.9450818300247192,0.9233877658843994,-2.5488102436065674,5.9010772705078125,1.7946182489395142,1.3423357009887695,3.386054754257202,-7.380236625671387,-2.2382264137268066,-7.076962947845459,1.2580424547195435
28,-2.437204599380493,-5.398998737335205,-5.027975559234619,-6.841598033905029,-10.646964073181152,-5.185934066772461,-4.064441204071045,-8.74355411529541,2.8259646892547607,-0.3584805130958557,-4.369373798370361,-5.588703155517578,-10.399940490722656,-9.661483764648438,-9.992569923400879,-1.0645924806594849
29,4.7586870193481445,4.3817548751831055,1.8299487829208374,-1.5166712999343872,-7.327366828918457,2.2692344188690186,0.30511248111724854,-3.3545749187469482,0.838807225227356,0.23785500228405,-5.723481178283691,-8.903773307800293,-4.479944705963135,-6.427874565124512,-6.862423896789551,-7.92720365524292
30,-2.437204599380493,-5.398998737335205,-5.027975559234619,-6.841598033905029,-10.646964073181152,-5.185934066772461,-4.064441204071045,-8.74355411529541,2.8259646892547607,-0.3584805130958557,-4.369373798370361,-5.588703155517578,-10.399940490722656,-9.661483764648438,-9.992569923400879,-1.0645924806594849
31,4.7586870193481445,4.3817548751831055,1.8299487829208374,-1.5166712999343872,-7.327366828918457,2.2692344188690186,0.30511248111724854,-3.3545749187469482,0.838807225227356,0.23785500228405,-5.723481178283691,-8.903773307800293,-4.479944705963135,-6.427874565124512,-6.862423896789551,-7.92720365524292
32,-8.368205070495605,4.146243572235107,4.482329845428467,2.8396270275115967,7.3683953285217285,4.333526134490967,3.675097942352295,1.2153974771499634,5.347011089324951,2.2343332767486572,1.4953770637512207,-3.423410177230835,5.416309356689453,1.8121390342712402,1.0057897567749023,-0.6295344829559326
33,-5.354306697845459,4.429588317871094,8.128068923950195,8.512550354003906,5.511213302612305,5.8492350578308105,4.874530792236328,3.4645111560821533,-8.594437599182129,0.5571313500404358,0.4351322054862976,-3.4860129356384277,11.05351448059082,4.346672058105469,3.9433345794677734,9.66390323638916
34,10.995118141174316,13.635353088378906,12.853325843811035,15.137737274169922,6.957036018371582,11.928269386291504,10.614799499511719,7.525810718536377,-2.7201619148254395,1.504883050918579,1.9446806907653809,2.873692035675049,13.750926971435547,9.290487289428711,7.639538764953613,11.914276123046875
35,7.168757438659668,9.961289405822754,9.598997116088867,12.6953763961792,12.2227144241333,11.896072387695312,5.004549503326416,11.755558967590332,10.82823371887207,4.991682052612305,21.2148494720459,15.569741249084473,11.223477363586426,10.013490676879883,13.215070724487305,20.46006202697754
36,-14.932241439819336,-4.597177028656006,-14.456672668457031,-17.078989028930664,-18.39080238342285,-9.535911560058594,-2.4265944957733154,-1.3464345932006836,-5.12772798538208,-2.8794143199920654,4.5727972984313965,5.769221782684326,-2.9199934005737305,0.6223737001419067,-2.4857523441314697,-6.759227752685547
37,-11.023324012756348,-15.843561172485352,-16.03282928466797,-20.697595596313477,-10.735149383544922,-14.791070938110352,-7.3727288246154785,-8.170578956604004,-29.13326644897461,-6.948456287384033,-18.814769744873047,-9.234188079833984,-18.959957122802734,0.7080663442611694,-12.809728622436523,-33.236488342285156
38,-2.895190477371216,-10.312482833862305,-8.054944038391113,-8.099997520446777,3.5846455097198486,-3.6295371055603027,-7.646097183227539,-4.22598123550415,-7.7410712242126465,-3.2873899936676025,-3.5528628826141357,0.3472049832344055,-14.469393730163574,0.556821346282959,-12.010445594787598,-17.263893127441406
39,-3.912447929382324,-2.26066517829895,-1.0746628046035767,1.5383549928665161,12.167216300964355,0.7032346129417419,-5.758350849151611,-2.868159294128418,7.880624771118164,3.747690439224243,1.8885090351104736,1.4143505096435547,-5.608575820922852,-0.9084954857826233,-8.198323249816895,-3.2148780822753906
40,11.324466705322266,-2.2363853454589844,8.836722373962402,7.479315757751465,9.446361541748047,6.613991737365723,2.7685210704803467,5.447592258453369,6.247527599334717,-3.091142177581787,4.999090194702148,1.5988495349884033,5.998383045196533,2.502321481704712,3.4130589962005615,8.064654350280762
41,5.099291801452637,0.9587050080299377,5.4051079750061035,1.6019779443740845,-8.235063552856445,4.200727462768555,5.441199779510498,6.416195869445801,6.845681190490723,-2.9776902198791504,9.887256622314453,10.952445983886719,8.552504539489746,3.3659396171569824,7.45355224609375,9.490117073059082
42,1.4095274209976196,-4.038120269775391,-0.649468719959259,-4.866337776184082,-10.144970893859863,-1.141857624053955,2.5982067584991455,2.7501866817474365,4.708168029785156,-0.804334282875061,6.34814977645874,9.266119956970215,6.578282356262207,-0.5081371068954468,6.680509090423584,0.8911570310592651
43,-13.668469429016113,-16.365131378173828,-18.036373138427734,-23.249656677246094,-28.76728057861328,-15.517030715942383,-4.45001745223999,-6.295030117034912,-7.524281024932861,-3.308868646621704,-13.905640602111816,-2.1476664543151855,-3.6215901374816895,-11.948057174682617,-5.680241584777832,-21.079830169677734
44,-8.891329765319824,-1.0674340724945068,-9.783522605895996,-14.538945198059082,-17.567529678344727,-2.3339669704437256,-4.044113636016846,-4.190933704376221,-11.819157600402832,-2.8640124797821045,-7.133543968200684,-2.0802130699157715,-10.317973136901855,-12.938448905944824,-13.695759773254395,-18.430469512939453
45,-13.668469429016113,-16.365131378173828,-18.036373138427734,-23.249656677246094,-28.76728057861328,-15.517030715942383,-4.45001745223999,-6.295030117034912,-7.524281024932861,-3.308868646621704,-13.905640602111816,-2.1476664543151855,-3.6215901374816895,-11.948057174682617,-5.680241584777832,-21.079830169677734
46,-8.891329765319824,-1.0674340724945068,-9.783522605895996,-14.538945198059082,-17.567529678344727,-2.3339669704437256,-4.044113636016846,-4.190933704376221,-11.819157600402832,-2.8640124797821045,-7.133543968200684,-2.0802130699157715,-10.317973136901855,-12.938448905944824,-13.695759773254395,-18.430469512939453
47,6.77161169052124,8.46825885772705,5.541202545166016,4.676060676574707,1.9679713249206543,7.710902214050293,-4.097177982330322,-2.201981782913208,-0.22001893818378448,-0.7723825573921204,5.495706081390381,2.7019095420837402,-11.651592254638672,-9.2351655960083,-9.334132194519043,-3.9827756881713867
48,0.6444727778434753,4.576115608215332,3.4341421127319336,1.9849587678909302,2.1275711059570312,-0.1281268447637558,0.8607253432273865,-1.6344395875930786,8.154288291931152,-1.1154751777648926,-1.4561411142349243,0.04264092445373535,-14.782801628112793,-6.131702899932861,-7.326862812042236,3.138882875442505
49,-5.724426746368408,1.742200493812561,-2.1649587154388428,-6.778707504272461,2.9262096881866455,-2.0430126190185547,1.7441651821136475,-2.442064046859741,-0.9385101795196533,-6.759417533874512,-9.168978691101074,-8.157486915588379,-13.355450630187988,-3.76949143409729,-7.499466419219971,5.570433616638184
50,0.6444727778434753,4.576115608215332,3.4341421127319336,1.9849587678909302,2.1275711059570312,-0.1281268447637558,0.8607253432273865,-1.6344395875930786,8.154288291931152,-1.1154751777648926,-1.4561411142349243,0.04264092445373535,-14.782801628112793,-6.131702899932861,-7.326862812042236,3.138882875442505
51,-5.724426746368408,1.742200493812561,-2.1649587154388428,-6.778707504272461,2.9262096881866455,-2.0430126190185547,1.7441651821136475,-2.442064046859741,-0.9385101795196533,-6.759417533874512,-9.168978691101074,-8.157486915588379,-13.355450630187988,-3.76949143409729,-7.499466419219971,5.570433616638184
52,1.8989025354385376,5.728760719299316,2.406557083129883,-0.016644617542624474,5.422384262084961,3.9199001789093018,4.132702827453613,1.749508261680603,-5.793117523193359,-8.56592082977295,-7.130608558654785,-11.016803741455078,-8.704169273376465,-1.7834821939468384,-0.8720886707305908,0.9372096657752991
53,11.838608741760254,8.47726058959961,8.313859939575195,6.908835411071777,8.899463653564453,11.160964965820312,5.663881778717041,6.677067756652832,6.359590530395508,-3.8515028953552246,3.3630495071411133,-3.2877197265625,-3.2008984088897705,-0.5273994207382202,4.629422187805176,10.779366493225098
54,2.21950101852417,4.2732014656066895,-0.08958945423364639,-4.448476314544678,-7.747494697570801,3.7124598026275635,3.963078498840332,4.7503204345703125,10.074637413024902,-0.9115964770317078,4.356146812438965,2.006361246109009,3.0302531719207764,-0.6542391180992126,3.5969398021698,3.273390293121338
55,2.21950101852417,4.2732014656066895,-0.08958945423364639,-4.448476314544678,-7.747494697570801,3.7124598026275635,3.963078498840332,4.7503204345703125,10.074637413024902,-0.9115964770317078,4.356146812438965,2.006361246109009,3.0302531719207764,-0.6542391180992126,3.5969398021698,3.273390293121338
56,-3.8898706436157227,-0.5863305330276489,-3.5339512825012207,-8.134883880615234,-12.389479637145996,3.4884469509124756,0.227235808968544,1.4963359832763672,1.6923564672470093,0.8955667614936829,4.472818374633789,1.2564092874526978,4.136642932891846,2.552137613296509,1.7150816917419434,-13.237064361572266
57,5.714901924133301,3.1821653842926025,-1.9474241733551025,-6.624140739440918,-5.662141799926758,5.63728141784668,0.20613910257816315,3.0952725410461426,-6.7196221351623535,2.621425151824951,4.941446781158447,6.638457775115967,6.976717472076416,4.29792594909668,4.06213903427124,-11.794705390930176
58,4.023683547973633,3.9966087341308594,-3.271230697631836,-6.874317169189453,-5.499732494354248,4.185848712921143,-1.7357090711593628,1.4156485795974731,6.048250198364258,5.298135280609131,8.944665908813477,14.34217643737793,10.525659561157227,8.956790924072266,8.050886154174805,-7.204680442810059
59,7.29243278503418,14.92997932434082,6.430586338043213,3.337066650390625,7.500553607940674,18.215423583984375,-2.9254913330078125,6.1131696701049805,8.293905258178711,4.612280368804932,18.04136848449707,17.799589157104492,10.097433090209961,7.229124546051025,6.612450122833252,3.8321166038513184
60,-10.375089645385742,-11.42608642578125,-12.19085693359375,-9.302082061767578,-5.413898468017578,-8.717304229736328,-3.713473320007324,-5.813689708709717,11.827275276184082,-1.192250370979309,6.024689197540283,7.384833812713623,6.597124099731445,2.6929705142974854,-1.2713667154312134,4.425147533416748
61,-22.346193313598633,-19.52398109436035,-16.345542907714844,-9.384439468383789,-1.3879733085632324,-18.07813262939453,-5.673384666442871,-10.08067512512207,-16.280935287475586,-3.24664044380188,-16.01028060913086,-12.730768203735352,-1.8248469829559326,-4.57988166809082,-5.85792875289917,1.817492961883545
62,-14.577787399291992,-15.759815216064453,-8.186782836914062,-1.255875825881958,2.114002227783203,-14.246891021728516,-1.5567190647125244,-9.814852714538574,-24.176979064941406,-4.637322425842285,-21.899105072021484,-22.726261138916016,-7.379449367523193,-6.595843315124512,-5.237617492675781,-3.6950604915618896
63,-2.951033115386963,-3.382667303085327,7.558711051940918,15.650213241577148,15.510339736938477,2.737027168273926,4.713271141052246,-3.107685089111328,-8.039454460144043,-1.0646251440048218,1.9883713722229004,-11.484396934509277,-0.9505241513252258,2.6619582176208496,3.020717144012451,13.387580871582031
64,-2.084293842315674,-8.20564079284668,5.655677318572998,10.561219215393066,19.220495223999023,3.634019613265991,2.981191635131836,0.9967567920684814,0.2868901491165161,-0.7531614899635315,6.70620059967041,-0.758933961391449,2.0738956928253174,4.536850452423096,5.8600263595581055,25.185134887695312
65,-2.951033115386963,-3.382667303085327,7.558711051940918,15.650213241577148,15.510339736938477,2.737027168273926,4.713271141052246,-3.107685089111328,-8.039454460144043,-1.0646251440048218,1.9883713722229004,-11.484396934509277,-0.9505241513252258,2.6619582176208496,3.020717144012451,13.387580871582031
66,-2.084293842315674,-8.20564079284668,5.655677318572998,10.561219215393066,19.220495223999023,3.634019613265991,2.981191635131836,0.9967567920684814,0.2868901491165161,-0.7531614899635315,6.70620059967041,-0.758933961391449,2.0738956928253174,4.536850452423096,5.8600263595581055,25.185134887695312
67,8.867351531982422,-14.28121566772461,3.9387142658233643,5.480722427368164,11.82961654663086,5.064659118652344,2.503230094909668,3.454455852508545,-1.3636497259140015,3.9121062755584717,-4.003714084625244,-4.2372331619262695,6.052420139312744,8.31195068359375,8.406978607177734,8.328105926513672
68,9.65645694732666,-3.6033759117126465,2.5679609775543213,4.23311185836792,4.967631816864014,5.918173313140869,2.389732837677002,4.184866905212402,3.9813919067382812,9.322447776794434,6.506368637084961,1.9659990072250366,3.425884246826172,8.606826782226562,8.704411506652832,12.155250549316406
69,1.2064709663391113,-6.164056301116943,-2.0961356163024902,-2.3586621284484863,2.7814671993255615,-2.318711519241333,2.38675594329834,1.8797475099563599,3.3522915840148926,14.101086616516113,1.7918529510498047,-0.8185816407203674,2.438176155090332,6.150383949279785,8.256010055541992,4.506067752838135
70,10.026979446411133,-1.3069097995758057,7.654144287109375,5.010578632354736,3.9435324668884277,4.468294143676758,5.164228439331055,6.963236331939697,1.180052399635315,8.173126220703125,-0.8818787336349487,-7.043146133422852,-4.431912899017334,1.1136387586593628,3.9629902839660645,-14.426777839660645
71,20.60782241821289,16.96737289428711,18.659908294677734,15.059625625610352,4.610575199127197,14.395010948181152,8.443601608276367,12.988728523254395,17.973236083984375,7.642333507537842,16.63933753967285,10.437807083129883,-3.5170154571533203,2.654282569885254,1.6236224174499512,1.0284862518310547
72,7.0410308837890625,11.378971099853516,9.51335620880127,7.363862037658691,1.1324520111083984,3.738288402557373,4.1713948249816895,5.496574878692627,20.07998275756836,3.3817992210388184,13.92746639251709,12.52531909942627,2.899472236633301,4.6107964515686035,-2.5328872203826904,10.774921417236328
73,-1.362654685974121,0.4204094409942627,1.6265872716903687,-0.09481647610664368,-2.6637027263641357,-4.265879154205322,-0.0578908771276474,-1.320113182067871,-7.061243057250977,-4.8468098640441895,-9.543588638305664,-4.261955261230469,0.4208068549633026,-1.3551251888275146,-9.365422248840332,-10.687572479248047
74,-0.14156995713710785,5.293745517730713,3.879751443862915,1.0186986923217773,-7.60748815536499,-2.707155704498291,-1.4804412126541138,-0.7110214233398438,-10.1976957321167,-8.280132293701172,-14.925073623657227,-11.41923713684082,-5.03295373916626,-7.384677410125732,-13.054765701293945,-9.455411911010742
75,16.099050521850586,12.289809226989746,12.493185997009277,10.117812156677246,0.7939375042915344,8.592803955078125,0.2088034451007843,2.999901056289673,4.810474872589111,-7.729526519775391,0.1890498399734497,-2.1582229137420654,-0.010744604282081127,0.9715600609779358,-4.375341892242432,1.4362375736236572
76,-0.899928629398346,11.07502555847168,2.366994857788086,-0.1448250561952591,-7.579835414886475,-1.6398602724075317,-2.6125261783599854,0.17780029773712158,2.102663278579712,-2.8392601013183594,-0.8804482221603394,1.8931827545166016,4.757015228271484,-1.1520589590072632,-1.9337085485458374,-0.38994988799095154
77,-14.641410827636719,4.498157024383545,-4.814793586730957,-6.2624664306640625,-3.886385440826416,-7.958194732666016,-4.624032020568848,-1.9781503677368164,-4.976102352142334,-2.50091290473938,-13.073254585266113,-3.0356719493865967,-1.8439128398895264,-3.0340538024902344,-1.6967219114303589,-6.357043743133545
78,6.779422760009766,14.52828598022461,6.813414096832275,4.854593753814697,9.280384063720703,5.265563488006592,0.843571126461029,8.791071891784668,-3.394925117492676,-0.3137775659561157,-2.0403177738189697,3.6766011714935303,0.27481576800346375,4.507034778594971,4.632403373718262,-0.4772574007511139
79,-3.0465309619903564,0.36397743225097656,-4.894320964813232,-7.008577823638916,-5.205908298492432,-1.1281453371047974,-4.350677490234375,3.9642186164855957,-4.31909704208374,4.885379314422607,2.8496053218841553,12.564807891845703,16.052156448364258,9.593022346496582,12.160590171813965,-5.293105125427246
80,-7.330046653747559,2.668132781982422,-4.4605865478515625,-6.967274188995361,3.9537556171417236,1.2304805517196655,-2.777946710586548,0.30066007375717163,6.2841477394104,4.755495071411133,2.199418067932129,11.646007537841797,13.824996948242188,3.406594753265381,11.047713279724121,0.5094089508056641
81,0.8782867193222046,3.6200268268585205,-0.868362545967102,-3.176297903060913,1.8201487064361572,1.2784596681594849,2.9621939659118652,0.6252036690711975,12.237828254699707,5.479900360107422,8.15576171875,11.84072208404541,9.045743942260742,-1.44736909866333,5.358267307281494,7.938140392303467
82,-3.823068380355835,-5.215577125549316,-3.5927767753601074,-1.5756839513778687,-6.476181507110596,-4.608746528625488,6.215389251708984,-2.284888505935669,2.072467803955078,1.461608648300171,2.4619596004486084,2.901395320892334,9.716483116149902,-2.1314282417297363,-1.5452500581741333,-11.556465148925781
83,-0.6404900550842285,-3.4973952770233154,0.6874964237213135,7.703042030334473,4.431113243103027,-2.9719903469085693,5.683396816253662,-2.9877712726593018,1.9466584920883179,-1.9710028171539307,1.5337921380996704,-2.5698421001434326,-0.22309443354606628,1.689508080482483,-2.328856945037842,-8.038414001464844
84,-4.203713893890381,-10.320672035217285,-8.210616111755371,0.048052653670310974,0.32619673013687134,-11.582327842712402,0.9985983967781067,-4.484694004058838,-2.988027811050415,-3.6746866703033447,3.780703544616699,1.546787977218628,-5.836934566497803,0.0009410895872861147,-3.3590331077575684,1.2370953559875488
85,-9.279438972473145,-13.142602920532227,-6.020066261291504,4.384415626525879,6.731388092041016,-7.283751487731934,-2.694610357284546,-5.057746887207031,-9.894194602966309,-3.0056793689727783,-2.5117876529693604,-4.976667881011963,-11.724884986877441,-0.2916087210178375,-6.202526569366455,-7.174314022064209
86,-4.269968032836914,0.2684480547904968,-1.243019461631775,8.788534164428711,-1.3564199209213257,0.6667770743370056,2.647719621658325,-3.4243617057800293,-8.486799240112305,-2.142141819000244,-4.246944904327393,-5.469481945037842,-7.6255784034729,1.7623121738433838,-5.028685569763184,2.853919744491577
87,-15.994781494140625,-8.244205474853516,-9.749807357788086,-0.7556455135345459,-14.76116943359375,-8.731101989746094,3.565425395965576,-6.131577491760254,-14.534647941589355,0.42854005098342896,-13.68635368347168,-8.200366020202637,-4.9350361824035645,0.41134071350097656,-1.1018919944763184,1.2448326349258423
88,-15.5999174118042,-7.90253210067749,-2.8787665367126465,5.945314884185791,2.282850503921509,-3.246371269226074,1.8988447189331055,-3.1216354370117188,-17.784944534301758,-2.215672016143799,-15.723870277404785,-9.980234146118164,-7.201610565185547,-0.013799825683236122,-0.3864074945449829,-6.469051837921143
89,16.312532424926758,8.583240509033203,14.84276294708252,23.946125030517578,22.475482940673828,17.046369552612305,8.757635116577148,9.273639678955078,0.15931466221809387,6.4238362312316895,9.90100383758545,7.163750171661377,1.2900524139404297,6.179861545562744,3.6040167808532715,14.299623489379883
90,12.31753921508789,11.133834838867188,11.536774635314941,13.637497901916504,6.997799873352051,16.62224769592285,4.378140449523926,12.941954612731934,21.303936004638672,8.952119827270508,18.206682205200195,26.903533935546875,22.90448760986328,8.30505084991455,16.70258140563965,21.532968521118164
91,7.150808334350586,10.17129898071289,-1.443908929824829,-4.48598575592041,-9.214298248291016,2.986396312713623,0.3850007951259613,4.472192764282227,21.929101943969727,8.903874397277832,18.253026962280273,19.359811782836914,15.803464889526367,2.0410397052764893,10.8229398727417,13.943389892578125
92,-1.3871681690216064,1.861696481704712,-11.4507474899292,-13.197251319885254,-7.372591495513916,-11.498656272888184,-2.990739345550537,-2.8618385791778564,-2.013068914413452,6.772180557250977,2.2922606468200684,4.207631587982178,8.893399238586426,3.890570640563965,7.091603755950928,-10.052810668945312
93,-6.263587951660156,-3.827141523361206,-13.502963066101074,-13.588172912597656,-8.404829978942871,-12.864744186401367,-7.946621417999268,-8.50394344329834,-5.380659580230713,3.424861431121826,-5.961932182312012,-2.3801827430725098,-4.143678665161133,0.9587056636810303,1.3788294792175293,-10.063294410705566
94,-11.111862182617188,-2.5397188663482666,-8.651192665100098,-11.123011589050293,-11.646697998046875,-8.295467376708984,-5.714337348937988,-7.511935710906982,-8.23586654663086,1.6601572036743164,-11.247170448303223,-11.232017517089844,-14.371051788330078,-1.5813639163970947,-4.837054252624512,-13.123520851135254
95,-1.3871681690216064,1.861696481704712,-11.4507474899292,-13.197251319885254,-7.372591495513916,-11.498656272888184,-2.990739345550537,-2.8618385791778564,-2.013068914413452,6.772180557250977,2.2922606468200684,4.207631587982178,8.893399238586426,3.890570640563965,7.091603755950928,-10.052810668945312
96,-6.263587951660156,-3.827141523361206,-13.502963066101074,-13.588172912597656,-8.404829978942871,-12.864744186401367,-7.946621417999268,-8.50394344329834,-5.380659580230713,3.424861431121826,-5.961932182312012,-2.3801827430725098,-4.143678665161133,0.9587056636810303,1.3788294792175293,-10.063294410705566
97,-11.111862182617188,-2.5397188663482666,-8.651192665100098,-11.123011589050293,-11.646697998046875,-8.295467376708984,-5.714337348937988,-7.511935710906982,-8.23586654663086,1.6601572036743164,-11.247170448303223,-11.232017517089844,-14.371051788330078,-1.5813639163970947,-4.837054252624512,-13.123520851135254
98,3.105254650115967,8.301675796508789,8.154655456542969,3.8392066955566406,2.059666633605957,7.466032981872559,-1.2335172891616821,1.1847829818725586,-8.875509262084961,-0.9490893483161926,-7.153109073638916,-14.350459098815918,-15.457018852233887,2.5328786373138428,-9.259489059448242,-11.949902534484863
99,2.5338330268859863,9.47783374786377,9.188430786132812,2.814755439758301,2.045461893081665,8.0692720413208,2.700791120529175,3.511596441268921,4.282137870788574,0.5727688670158386,5.255276203155518,1.3995541334152222,-10.076004981994629,1.6119215488433838,-11.313055992126465,4.707482814788818
100,-0.7965226769447327,-1.0316795110702515,2.0461373329162598,-3.195915699005127,-2.7952721118927,-1.8592973947525024,0.00026885728584602475,-1.6098318099975586,-7.963688373565674,-7.392316818237305,-4.6914167404174805,-3.6481988430023193,-10.84554672241211,-5.1561784744262695,-13.774118423461914,-4.2899603843688965
101,0.5853074789047241,-3.9628164768218994,-0.6409235596656799,-3.002131223678589,2.475167751312256,-0.570874035358429,-1.016081690788269,-2.2193117141723633,-4.376485347747803,-9.271039962768555,-4.591464996337891,-5.439996242523193,-9.573790550231934,-10.11589241027832,-8.004865646362305,-0.5421546101570129
102,-11.973066329956055,-9.781012535095215,-7.275609970092773,-9.939385414123535,-1.0671448707580566,-3.7604360580444336,-4.142358779907227,-5.443569183349609,3.9070885181427,-5.9329986572265625,2.5271193981170654,2.492948532104492,-2.343106508255005,-13.236268997192383,-1.9817503690719604,7.741704940795898
103,8.754980087280273,4.300431251525879,5.153229236602783,-0.6576578617095947,4.694924831390381,6.1497626304626465,-0.6245672106742859,1.8507789373397827,2.6542603969573975,-7.030916690826416,0.9022133946418762,0.22631146013736725,4.9070587158203125,-11.569634437561035,-1.6832265853881836,-1.5090886354446411
104,12.49125862121582,4.368710994720459,5.013028621673584,-2.5367510318756104,3.776660203933716,9.311492919921875,0.3497385084629059,4.8536882400512695,15.186426162719727,1.26041841506958,11.976936340332031,10.565802574157715,17.12266731262207,-5.828444004058838,5.25150728225708,7.099726676940918
105,-5.693552494049072,-4.586995601654053,-9.104446411132812,-14.943572998046875,-10.00131893157959,-4.413602352142334,-2.729599714279175,0.6136634349822998,8.766751289367676,7.164623260498047,6.6285176277160645,7.6979570388793945,16.6275691986084,-5.559613227844238,8.290421485900879,-2.719308376312256
106,-7.302834987640381,-10.62151050567627,-14.014472961425781,-14.977230072021484,-12.529196739196777,-11.792455673217773,-8.172894477844238,-6.426611423492432,-5.114233016967773,3.4674015045166016,-8.562124252319336,-7.822089672088623,1.4114024639129639,-8.178723335266113,3.8261027336120605,-19.582494735717773
107,-6.454494476318359,-13.699880599975586,-12.422300338745117,-13.420214653015137,-10.341599464416504,-13.347707748413086,-10.08388614654541,-13.009259223937988,-9.509849548339844,-1.5356793403625488,-16.2044620513916,-15.366655349731445,-7.703603267669678,-12.758831977844238,-3.1685791015625,-17.581989288330078
108,12.80637264251709,9.150583267211914,7.024319648742676,6.395572185516357,0.44674837589263916,2.6365909576416016,-2.468064069747925,-4.53009033203125,7.335369110107422,-1.4118374586105347,-2.389967441558838,-11.412667274475098,-14.14451789855957,-11.712576866149902,-5.584682941436768,-4.456141948699951
109,17.03682518005371,22.59352684020996,17.43976593017578,17.736162185668945,6.480172634124756,11.564470291137695,4.481398105621338,4.606545925140381,16.766162872314453,-3.277179479598999,9.10131549835205,-0.6119576692581177,-8.490056991577148,-0.28111302852630615,-0.38405245542526245,7.2393574714660645
110,-0.7518356442451477,7.132820129394531,8.548497200012207,9.406585693359375,12.133330345153809,1.9979161024093628,8.468317985534668,4.989269256591797,-6.732967853546143,-3.3758232593536377,1.0851095914840698,-0.6464475393295288,-14.175044059753418,3.2736270427703857,-4.319211006164551,6.871117115020752
111,-6.446651458740234,0.816971480846405,7.000748634338379,9.824250221252441,15.082850456237793,0.8316296339035034,8.880228996276855,6.617969989776611,-3.3036677837371826,0.7314626574516296,6.524379730224609,8.55174446105957,-1.142761468887329,13.055642127990723,4.169684886932373,10.371489524841309
112,-12.92414379119873,-7.866307735443115,-4.292686462402344,-3.661128282546997,-4.688303470611572,-7.688669204711914,2.373924970626831,1.226620078086853,-16.175798416137695,-1.9965697526931763,-3.0760791301727295,3.2851009368896484,4.583099842071533,14.510235786437988,7.612664222717285,-1.6348769664764404
113,4.926856994628906,-3.531327486038208,3.3397507667541504,6.131030082702637,5.552676677703857,1.1093528270721436,-2.512089252471924,1.6528887748718262,-3.8589351177215576,0.7823957800865173,-5.0960469245910645,-0.8528124094009399,2.5538320541381836,11.45279598236084,9.56078815460205,-0.2591860294342041
114,3.2338554859161377,0.200600728392601,0.8261252641677856,2.8256869316101074,1.9597569704055786,1.6754746437072754,-3.2643330097198486,0.7799972891807556,10.06722640991211,4.404240131378174,6.466069221496582,8.02391529083252,9.020340919494629,7.174501419067383,8.03299331665039,9.742673873901367
115,-7.197096347808838,-6.85603666305542,-7.868983268737793,-6.70227575302124,-10.84672737121582,-6.507436275482178,-4.485738754272461,-1.8377838134765625,-3.662309169769287,7.296157360076904,2.034177780151367,7.484379291534424,12.282349586486816,3.771989345550537,4.304437160491943,-1.1371248960494995
116,-6.74082612991333,-13.64673900604248,-10.80715560913086,-6.591879367828369,-10.097204208374023,-11.417869567871094,-8.259811401367188,-5.180650234222412,-2.6680197715759277,3.727147340774536,-2.4870378971099854,0.23578140139579773,4.187472820281982,-2.483187675476074,-5.156697750091553,-2.818131923675537
117,-17.769227981567383,-21.174116134643555,-23.698787689208984,-16.915239334106445,-26.555322647094727,-23.068805694580078,-11.562819480895996,-16.898544311523438,-12.291091918945312,2.189506769180298,-14.440485954284668,-10.449031829833984,-1.889457106590271,-10.137845993041992,-12.422439575195312,-13.128046989440918
118,-9.606670379638672,-9.210695266723633,-11.454899787902832,-6.012392520904541,-12.57693862915039,-12.529438018798828,-11.268061637878418,-17.274852752685547,-12.117024421691895,-3.9461445808410645,-22.88983726501465,-19.746366500854492,-14.879242897033691,-15.04653263092041,-17.527851104736328,-22.70461082458496
119,3.2873618602752686,2.2717995643615723,2.0849523544311523,4.294117450714111,5.301395416259766,-0.09081850945949554,-7.754538536071777,-8.857864379882812,8.300875663757324,-2.2433507442474365,-9.104655265808105,-10.144782066345215,-12.81596851348877,-11.861567497253418,-15.13856029510498,-8.182838439941406
120,1.7011706829071045,4.45625114440918,0.9801115989685059,5.051908016204834,-1.6695067882537842,4.734842300415039,-2.0166845321655273,-4.707357406616211,-0.6112791895866394,-2.2382969856262207,-2.5568835735321045,-7.103632926940918,-4.204000473022461,-7.684208393096924,-11.992219924926758,-5.250644207000732
121,6.2954020500183105,15.884881973266602,10.959029197692871,16.93429183959961,8.964235305786133,14.321317672729492,8.181394577026367,6.1486711502075195,-1.8097174167633057,1.1024589538574219,7.05409574508667,-3.061124801635742,8.651885986328125,3.3450191020965576,-3.155421733856201,1.7965195178985596
122,0.7565323114395142,6.29775333404541,6.62150764465332,10.954678535461426,10.07056999206543,5.003814697265625,8.470913887023926,6.855848789215088,0.801237165927887,-4.245907306671143,-0.16519632935523987,-3.782231092453003,12.703063011169434,5.719386100769043,2.527404308319092,7.928211212158203
123,-5.843442916870117,-1.6186639070510864,0.35244324803352356,5.008792400360107,8.407116889953613,0.9593549370765686,12.027914047241211,8.154909133911133,-9.646869659423828,-5.546814918518066,-6.059330940246582,-3.0688931941986084,13.129594802856445,8.410658836364746,9.064469337463379,7.958160400390625
124,8.471941947937012,6.8320841789245605,12.936649322509766,17.333507537841797,19.826993942260742,13.608019828796387,13.399862289428711,15.739304542541504,-1.7150475978851318,0.8530321717262268,6.062748432159424,6.196496486663818,11.520882606506348,9.660615921020508,14.418612480163574,15.651740074157715
125,8.471941947937012,6.8320841789245605,12.936649322509766,17.333507537841797,19.826993942260742,13.608019828796387,13.399862289428711,15.739304542541504,-1.7150475978851318,0.8530321717262268,6.062748432159424,6.196496486663818,11.520882606506348,9.660615921020508,14.418612480163574,15.651740074157715
126,7.485023498535156,3.9887020587921143,6.510819911956787,8.044245719909668,8.548620223999023,9.001834869384766,7.283846378326416,13.54232120513916,10.923846244812012,2.770859479904175,13.873982429504395,18.384605407714844,11.92945671081543,2.0796165466308594,13.42084789276123,24.49371910095215
127,3.027224063873291,-5.661471366882324,-1.5040518045425415,-1.13711678981781,5.848160743713379,6.302072525024414,0.9315234422683716,7.054003715515137,5.460660457611084,3.1012730598449707,11.36585521697998,17.547212600708008,12.110671043395996,-2.305422067642212,11.1824951171875,13.150799751281738
128,-0.42697271704673767,-6.072651386260986,-8.42586898803711,-12.18433666229248,-2.577623128890991,0.8207588195800781,-3.2153775691986084,-0.2565741539001465,9.51417064666748,4.815770149230957,9.208817481994629,10.37378978729248,3.4285173416137695,-5.06106424331665,7.217957496643066,2.278911590576172
129,-16.573204040527344,-18.42618751525879,-24.27605628967285,-31.115140914916992,-22.409893035888672,-17.688678741455078,-12.693558692932129,-12.283487319946289,-1.3470561504364014,4.659182548522949,-4.315113067626953,-4.953280448913574,-8.952736854553223,-8.31319522857666,1.7164117097854614,-6.7997636795043945
130,8.008077621459961,5.287715435028076,-0.992118239402771,-6.254786968231201,-9.839103698730469,-2.642005681991577,-11.969789505004883,-11.404182434082031,12.137277603149414,-6.139242649078369,3.1826133728027344,-10.431132316589355,-23.07592010498047,-10.637177467346191,-11.169473648071289,-7.4548163414001465
131,2.57346510887146,3.993602991104126,-3.9006102085113525,-12.136332511901855,-5.010857105255127,-4.869230270385742,-5.984241962432861,-11.09790325164795,7.593130111694336,-11.80202865600586,0.41143664717674255,-7.593362331390381,-14.082978248596191,-7.668196201324463,-11.736899375915527,-1.7972527742385864
132,17.821107864379883,17.56812286376953,19.15445899963379,9.93517780303955,11.963310241699219,16.51494598388672,5.638221740722656,2.5232768058776855,-0.1883942186832428,-9.309494018554688,-0.9564591646194458,-5.145132541656494,-8.19776725769043,-1.239057183265686,-4.580633640289307,0.8934683203697205
133,13.738739967346191,17.09857940673828,16.53131675720215,10.482083320617676,6.759677410125732,13.734892845153809,10.846116065979004,8.971597671508789,10.441442489624023,-6.12752628326416,6.617815971374512,12.38720417022705,1.0577762126922607,5.642803192138672,-0.3814154267311096,1.5031570196151733
134,-9.472077369689941,2.9174842834472656,1.1686934232711792,-2.0611274242401123,4.48779821395874,-0.2963430881500244,10.188292503356934,6.722109794616699,-2.049165964126587,-0.03962114453315735,1.1554020643234253,14.070231437683105,5.912996292114258,9.242799758911133,5.639959335327148,1.925215721130371
135,-9.472077369689941,2.9174842834472656,1.1686934232711792,-2.0611274242401123,4.48779821395874,-0.2963430881500244,10.188292503356934,6.722109794616699,-2.049165964126587,-0.03962114453315735,1.1554020643234253,14.070231437683105,5.912996292114258,9.242799758911133,5.639959335327148,1.925215721130371
136,-3.823989152908325,9.558284759521484,8.928345680236816,6.800290107727051,8.533697128295898,8.394851684570312,11.991582870483398,10.788239479064941,-8.517450332641602,3.370870351791382,-3.661712884902954,6.435200214385986,8.921195030212402,8.054191589355469,8.585099220275879,-6.169785976409912
137,2.9279417991638184,3.632962703704834,7.072639465332031,7.990260124206543,7.2163987159729,3.4253504276275635,6.684467315673828,9.541934967041016,-2.9650251865386963,9.696837425231934,1.8567945957183838,10.351143836975098,16.087488174438477,11.173421859741211,9.319446563720703,-1.1543301343917847
138,-4.391340732574463,-8.268763542175293,-3.7529289722442627,1.1384302377700806,1.9503391981124878,-6.186774730682373,-0.7528215646743774,2.8368332386016846,-2.654221296310425,10.118191719055176,1.8260245323181152,10.222536087036133,12.49026107788086,8.597295761108398,7.545018196105957,9.597776412963867
139,-8.230801582336426,-11.7889404296875,-5.2858710289001465,-2.136268377304077,-4.701737403869629,-1.4088737964630127,-2.2841808795928955,-0.3485734760761261,-7.815708160400391,6.852253437042236,-4.631735324859619,0.07080018520355225,1.716043472290039,1.9036438465118408,2.413519859313965,-3.9640746116638184
140,11.051451683044434,6.143657684326172,7.252696514129639,11.336214065551758,5.878216743469238,10.019692420959473,-1.0464657545089722,6.807201385498047,12.28211784362793,8.760704040527344,17.760385513305664,18.299644470214844,4.586523056030273,3.446817636489868,4.389143466949463,14.737717628479004
141,-8.800702095031738,-7.41521692276001,-8.104763984680176,-4.9346232414245605,-3.0068416595458984,-10.225669860839844,-4.235444068908691,-6.8056511878967285,9.039281845092773,2.8585588932037354,4.699686050415039,4.281203269958496,-7.568692207336426,-4.073884010314941,-2.8111252784729004,1.899802565574646
142,-0.566908061504364,-5.835517406463623,-7.690069198608398,-8.466588020324707,-14.965476036071777,-13.169434547424316,-3.390388250350952,-9.7985200881958,-10.051892280578613,-1.9784674644470215,-10.896844863891602,-12.938210487365723,-9.404873847961426,-6.184878349304199,-6.131957530975342,-18.702056884765625
143,9.444334983825684,2.9356026649475098,3.0523600578308105,5.90409517288208,-0.40934211015701294,-2.6760194301605225,-1.0581883192062378,-2.2044146060943604,-6.770354747772217,-4.102571487426758,-4.500002384185791,-12.806612968444824,-10.305534362792969,-5.402838230133057,-6.0003132820129395,-2.300179958343506
144,-8.311973571777344,-4.243969440460205,-3.4460625648498535,0.8843532800674438,-2.1746349334716797,-9.825653076171875,-0.6724400520324707,-2.288276433944702,3.924591541290283,-4.35479211807251,-2.4892773628234863,-8.121068000793457,-6.70903205871582,-1.9065055847167969,-4.567722797393799,1.6962521076202393
145,-8.311973571777344,-4.243969440460205,-3.4460625648498535,0.8843532800674438,-2.1746349334716797,-9.825653076171875,-0.6724400520324707,-2.288276433944702,3.924591541290283,-4.35479211807251,-2.4892773628234863,-8.121068000793457,-6.70903205871582,-1.9065055847167969,-4.567722797393799,1.6962521076202393
146,4.32454252243042,-2.292100191116333,4.796420097351074,8.332353591918945,5.0655622482299805,-1.6917845010757446,-2.183356761932373,-1.7745933532714844,4.434837341308594,-8.311274528503418,-10.872587203979492,-10.839476585388184,-1.9411169290542603,3.062941551208496,-2.45894193649292,-4.813973426818848
147,10.93851089477539,9.925891876220703,12.458209991455078,11.232610702514648,11.104589462280273,7.080837249755859,0.6325081586837769,3.1279008388519287,12.974961280822754,-7.453433990478516,4.690182685852051,-0.28826355934143066,3.543407917022705,2.0336289405822754,2.279283285140991,11.454216003417969
148,-13.128013610839844,-2.8817591667175293,-7.72810697555542,-11.523776054382324,-8.602177619934082,-11.317715644836426,-3.935655117034912,-5.657113075256348,2.1298561096191406,-8.31313419342041,2.0869412422180176,0.2473990023136139,8.91850471496582,-2.068519353866577,4.833013534545898,2.016530752182007
149,-2.3621952533721924,0.04166225343942642,-0.25369954109191895,-1.019966959953308,2.9158449172973633,-1.2741978168487549,-4.148879528045654,-2.6359622478485107,-13.112932205200195,-10.100754737854004,-12.329169273376465,-12.654478073120117,1.6787009239196777,-5.787062644958496,0.906104326248169,-7.739609718322754
150,-16.539459228515625,-16.43576431274414,-22.14303970336914,-26.277528762817383,-22.560672760009766,-16.986787796020508,-7.618593692779541,-11.206438064575195,-14.983077049255371,6.840939044952393,-18.0882511138916,-9.367138862609863,-2.09545636177063,-4.0100531578063965,-3.325568437576294,-17.193586349487305
151,4.528286933898926,2.798557758331299,-2.807394027709961,-4.051424503326416,-3.3645002841949463,0.349422425031662,-3.147911310195923,-6.560486793518066,-2.106027603149414,5.522658824920654,-6.894767761230469,-6.198825836181641,-0.9024013876914978,-2.8277647495269775,-3.549936532974243,-6.569626331329346
152,9.58700942993164,2.5380241870880127,4.552851676940918,6.842454433441162,8.300125122070312,4.844094276428223,-2.5050745010375977,-5.214655876159668,2.32511043548584,2.550909996032715,-3.2014660835266113,-2.6455838680267334,-0.5380946397781372,-0.31272122263908386,-2.9828457832336426,2.539910316467285
153,-2.24973726272583,-4.187540054321289,1.0088826417922974,3.1406102180480957,4.038011074066162,3.2146849632263184,2.80731201171875,-0.5175696611404419,3.7021305561065674,-3.92852783203125,-4.278721809387207,-0.7785006165504456,-2.2967700958251953,-4.196859359741211,-4.071924209594727,3.987670660018921
154,-8.699334144592285,-9.714792251586914,-4.947558879852295,-2.7301137447357178,-4.0652618408203125,-4.71683406829834,4.0240020751953125,-0.794493556022644,-6.969914436340332,-5.246753692626953,-7.3118815422058105,-4.326373100280762,-8.486459732055664,1.3536649942398071,-0.8861303925514221,5.814784049987793
155,-8.699334144592285,-9.714792251586914,-4.947558879852295,-2.7301137447357178,-4.0652618408203125,-4.71683406829834,4.0240020751953125,-0.794493556022644,-6.969914436340332,-5.246753692626953,-7.3118815422058105,-4.326373100280762,-8.486459732055664,1.3536649942398071,-0.8861303925514221,5.814784049987793
156,-2.8533058166503906,-2.777038335800171,2.686530351638794,6.085575580596924,-1.5292909145355225,1.1484664678573608,4.654201507568359,4.703145980834961,-9.775200843811035,-7.9632954597473145,-6.069565773010254,-9.66870403289795,-9.912471771240234,4.647367000579834,-2.1473748683929443,-0.4875044822692871
157,2.4095399379730225,5.840183734893799,6.694812774658203,8.707884788513184,9.516851425170898,9.267471313476562,5.871217727661133,7.41310453414917,-0.7934666275978088,-2.852576971054077,4.456724643707275,-0.23525236546993256,-1.6032724380493164,4.861872673034668,-0.8731177449226379,-7.718482494354248
158,5.2885260581970215,8.360844612121582,7.145411014556885,8.175795555114746,10.776554107666016,9.956618309020996,1.8259918689727783,6.6373491287231445,3.7039427757263184,1.7020444869995117,9.343055725097656,5.673606872558594,4.401651382446289,3.29451060295105,0.5993879437446594,7.398512363433838
159,18.7038631439209,10.968599319458008,16.144500732421875,17.305526733398438,10.27163314819336,15.934388160705566,1.1071202754974365,11.07214069366455,7.507555961608887,6.777248382568359,11.900211334228516,7.008817195892334,10.273992538452148,5.123281002044678,3.041121482849121,12.027969360351562
160,-10.72330379486084,-5.314616680145264,-4.267471790313721,-6.337526321411133,-9.593789100646973,-8.829910278320312,-7.270599365234375,-5.7193403244018555,-7.107285976409912,-0.6770929098129272,-2.437944173812866,-5.564736843109131,-2.151904821395874,3.4989781379699707,-1.8891112804412842,-6.642650604248047
161,8.804293632507324,4.927171230316162,5.250046730041504,4.5763421058654785,-0.7283712029457092,2.060859441757202,-4.2388014793396,-2.058450698852539,2.219431161880493,-0.21355412900447845,2.240558385848999,-5.566855430603027,-7.434274673461914,-0.2874436676502228,-3.499351739883423,-2.77187442779541
162,-4.876791477203369,-1.1492178440093994,-2.935610294342041,-0.34713006019592285,0.3982919454574585,-5.7183990478515625,0.44000244140625,-2.6126787662506104,9.172279357910156,5.453617095947266,10.237390518188477,4.834197521209717,2.4443445205688477,5.458307266235352,3.7789690494537354,3.5324246883392334
163,-19.476320266723633,-14.720781326293945,-14.70933723449707,-13.865293502807617,-18.963150024414062,-17.057588577270508,-5.481399059295654,-10.648552894592285,-10.18845272064209,-1.2553138732910156,-12.205224990844727,-10.556544303894043,-10.487655639648438,0.5277015566825867,-5.254891872406006,-13.614828109741211
164,-7.041752338409424,-9.20736026763916,-8.206761360168457,-8.043359756469727,-11.859825134277344,-7.53324556350708,-4.652407646179199,-6.901142597198486,-7.163077354431152,-1.8685436248779297,-11.659544944763184,-10.527260780334473,-10.855090141296387,-0.31926801800727844,-6.446604251861572,-14.925999641418457
165,-7.041752338409424,-9.20736026763916,-8.206761360168457,-8.043359756469727,-11.859825134277344,-7.53324556350708,-4.652407646179199,-6.901142597198486,-7.163077354431152,-1.8685436248779297,-11.659544944763184,-10.527260780334473,-10.855090141296387,-0.31926801800727844,-6.446604251861572,-14.925999641418457
166,-4.896447658538818,-5.36361026763916,-2.248730421066284,-2.682466745376587,1.165036678314209,-4.229496479034424,-7.231330871582031,-3.6925578117370605,0.04201747104525566,-4.2892842292785645,-2.7531278133392334,-5.744580268859863,-8.420293807983398,-1.9575474262237549,-3.247082233428955,-2.052534580230713
167,0.9779635071754456,-1.0438798666000366,-0.6411752104759216,-2.1604743003845215,-1.344963788986206,-2.0585007667541504,-7.514151096343994,-2.322169065475464,-5.478908061981201,-6.247899055480957,-9.606725692749023,-8.129731178283691,-12.511509895324707,-5.104122161865234,-4.658856391906738,-6.05213737487793
168,6.653191566467285,4.309934616088867,3.320451498031616,5.223918437957764,4.371572971343994,5.320812225341797,-1.3646243810653687,3.603074073791504,8.798528671264648,-4.500702381134033,3.816859245300293,-1.0488057136535645,-10.180840492248535,-3.315777540206909,-4.372331142425537,4.866629600524902
169,0.05559615418314934,-1.0353199243545532,1.267932653427124,6.328633785247803,3.2291550636291504,-1.4484820365905762,0.8645056486129761,2.71995210647583,4.552579879760742,-6.011555194854736,-0.44039657711982727,-1.1188842058181763,0.677401602268219,-1.7096359729766846,-3.811821222305298,4.938425540924072
170,2.7509286403656006,7.408895969390869,1.027725338935852,1.7245099544525146,1.0326412916183472,3.6843762397766113,6.0404276847839355,5.014721393585205,-3.191880226135254,4.062471389770508,6.32672119140625,5.532466411590576,9.444451332092285,0.11810770630836487,3.0658621788024902,9.368400573730469
171,-5.738178730010986,1.221187710762024,-7.275344371795654,-9.181034088134766,-2.1422712802886963,-1.6152231693267822,1.7463293075561523,-0.8153152465820312,-7.193553447723389,4.032947063446045,2.5591201782226562,5.438140392303467,12.71688175201416,0.2114056646823883,5.328108310699463,2.3924193382263184
172,-0.5096613168716431,-6.375454425811768,-6.541109561920166,-11.325299263000488,2.2414352893829346,1.5013811588287354,-0.6877171993255615,0.01409019436687231,10.951608657836914,5.625406265258789,8.35816764831543,12.403762817382812,21.357925415039062,0.7598425149917603,8.313939094543457,6.985499382019043
173,6.063242435455322,-7.499006271362305,-5.634371280670166,-12.947202682495117,3.4899394512176514,1.591845154762268,-3.4610164165496826,-0.5977008938789368,-4.207759380340576,0.6594230532646179,1.0064220428466797,7.505411624908447,14.274008750915527,-7.8160271644592285,3.4047632217407227,-0.3081322908401489
174,-0.7936322689056396,-2.457764148712158,-5.05631685256958,-13.10822868347168,5.06689977645874,2.740898609161377,1.6807622909545898,3.1511826515197754,-2.6891276836395264,-0.00047601782716810703,6.635978698730469,8.471445083618164,7.467687606811523,-8.791006088256836,-1.3196568489074707,-1.5016982555389404
175,-1.134871482849121,-9.723729133605957,-3.329935312271118,-7.523209095001221,1.1631577014923096,6.575822353363037,4.138203144073486,0.9278730154037476,-10.99058723449707,-1.9805753231048584,4.350488185882568,-7.686615943908691,-10.11286735534668,0.8522412180900574,-3.978649616241455,2.8341352939605713
176,1.974395990371704,-7.121698379516602,2.904646873474121,0.034145426005125046,6.342989444732666,13.038147926330566,7.014442443847656,2.128812551498413,11.024731636047363,1.5707939863204956,14.836915969848633,-2.825866222381592,-5.369685649871826,2.9716408252716064,-3.7660927772521973,17.476337432861328
177,-6.358616828918457,-12.387194633483887,-7.986185550689697,-12.653131484985352,-10.704300880432129,0.7557708621025085,4.493271350860596,-7.091825008392334,-2.751176118850708,-2.8954899311065674,0.5625927448272705,-4.575459957122803,-4.76749324798584,-0.5355935096740723,-4.323810577392578,6.049551486968994
178,-4.330043792724609,-8.52706527709961,-2.5969364643096924,-8.524608612060547,0.8242464661598206,1.1263725757598877,5.522515296936035,-5.5750732421875,-15.117895126342773,-3.8553733825683594,-12.665079116821289,-11.032511711120605,-12.691008567810059,-3.5577774047851562,-3.407705068588257,-2.4999282360076904
179,5.979770183563232,0.6804330945014954,9.680583953857422,3.027022361755371,10.589706420898438,11.290857315063477,8.110909461975098,1.8990310430526733,0.9370858669281006,-3.5424938201904297,-4.610475540161133,-5.398704528808594,-3.2727138996124268,2.025697946548462,-0.411015123128891,7.43420934677124
180,5.979770183563232,0.6804330945014954,9.680583953857422,3.027022361755371,10.589706420898438,11.290857315063477,8.110909461975098,1.8990310430526733,0.9370858669281006,-3.5424938201904297,-4.610475540161133,-5.398704528808594,-3.2727138996124268,2.025697946548462,-0.411015123128891,7.43420934677124
181,15.414392471313477,2.0052311420440674,12.733283996582031,6.912664413452148,6.286081314086914,12.414796829223633,9.417194366455078,5.735520839691162,5.2810564041137695,-0.3295808732509613,6.901174545288086,1.2080495357513428,1.668279767036438,4.991366386413574,1.6487960815429688,14.174107551574707
182,4.224336624145508,1.7942683696746826,11.14656925201416,5.336070537567139,2.4381911754608154,9.561371803283691,10.164350509643555,8.35434627532959,3.6719725131988525,6.667296409606934,6.25649356842041,6.724305629730225,4.0967230796813965,6.092204570770264,8.67129898071289,4.293647289276123
183,10.328780174255371,4.807888507843018,15.368993759155273,10.456806182861328,4.579113483428955,13.033021926879883,8.766701698303223,10.766912460327148,11.182969093322754,9.910682678222656,5.979240417480469,7.231124401092529,4.769150257110596,12.034682273864746,13.85319995880127,-3.9141831398010254
184,16.93894386291504,9.439112663269043,13.506007194519043,10.416404724121094,4.004671573638916,10.126496315002441,6.68646764755249,12.608936309814453,15.801021575927734,8.119220733642578,12.408506393432617,11.674802780151367,6.380430698394775,13.926270484924316,11.77456283569336,0.8966366648674011
185,17.611034393310547,13.759028434753418,15.13434886932373,15.583232879638672,11.042820930480957,10.599486351013184,5.055475234985352,12.441469192504883,13.731724739074707,7.349636077880859,5.96990966796875,15.29391098022461,7.989039421081543,1.790657877922058,3.218492031097412,-4.892796993255615
186,6.791205883026123,16.194355010986328,6.290326118469238,4.474757671356201,-1.7950445413589478,-1.970218539237976,5.495452404022217,11.486725807189941,8.427535057067871,9.899270057678223,8.909005165100098,19.102109909057617,15.961153030395508,3.058267831802368,8.593600273132324,-4.240566730499268
187,-4.353081703186035,7.344667434692383,-4.062692642211914,-3.224644184112549,-12.308117866516113,-13.853529930114746,-5.104340553283691,-0.2169603854417801,-11.125885009765625,5.349166393280029,-6.950492858886719,2.7251036167144775,6.275885581970215,-3.1243791580200195,3.5115394592285156,-11.83682918548584
188,-5.489649295806885,11.340572357177734,0.5453883409500122,4.60683012008667,1.3049955368041992,-9.453024864196777,-8.236530303955078,-5.381359100341797,-3.661463499069214,0.5865294933319092,-11.297629356384277,-7.9094414710998535,-2.824190855026245,-5.862215518951416,3.577803611755371,-2.6744956970214844
189,-18.612199783325195,-3.177621841430664,-13.918091773986816,-8.216048240661621,-10.780705451965332,-24.238513946533203,-14.172820091247559,-18.026731491088867,-3.1072163581848145,-9.111364364624023,-23.5613956451416,-17.545631408691406,-13.701430320739746,-9.42642879486084,0.666802167892456,-1.9398211240768433
190,-4.353081703186035,7.344667434692383,-4.062692642211914,-3.224644184112549,-12.308117866516113,-13.853529930114746,-5.104340553283691,-0.2169603854417801,-11.125885009765625,5.349166393280029,-6.950492858886719,2.7251036167144775,6.275885581970215,-3.1243791580200195,3.5115394592285156,-11.83682918548584
191,-5.489649295806885,11.340572357177734,0.5453883409500122,4.60683012008667,1.3049955368041992,-9.453024864196777,-8.236530303955078,-5.381359100341797,-3.661463499069214,0.5865294933319092,-11.297629356384277,-7.9094414710998535,-2.824190855026245,-5.862215518951416,3.577803611755371,-2.6744956970214844
192,-18.612199783325195,-3.177621841430664,-13.918091773986816,-8.216048240661621,-10.780705451965332,-24.238513946533203,-14.172820091247559,-18.026731491088867,-3.1072163581848145,-9.111364364624023,-23.5613956451416,-17.545631408691406,-13.701430320739746,-9.42642879486084,0.666802167892456,-1.9398211240768433
193,-11.132131576538086,-9.123990058898926,-12.893972396850586,-6.087239742279053,-8.869719505310059,-23.096935272216797,-18.995553970336914,-23.42719841003418,-11.894317626953125,-15.498985290527344,-33.48969268798828,-30.349353790283203,-23.202417373657227,-11.287946701049805,-6.394772529602051,-14.432441711425781
194,-6.339266300201416,-4.175909996032715,-7.6786065101623535,-2.7850494384765625,0.22867776453495026,-14.984289169311523,-19.019336700439453,-21.70100212097168,0.5354511737823486,-20.69093894958496,-19.39108657836914,-22.35077476501465,-24.359115600585938,-14.401432991027832,-13.35749626159668,-2.9501962661743164
195,8.76340103149414,3.0584206581115723,1.766296625137329,3.4563519954681396,1.487360954284668,3.980771064758301,-5.036879539489746,-6.657935619354248,1.9767425060272217,-11.76488208770752,-12.85148811340332,-11.45306396484375,-2.748471736907959,-6.272850513458252,-7.219746112823486,-8.004732131958008
196,4.012607574462891,4.01922082901001,2.2470765113830566,5.005499362945557,13.324395179748535,4.54820442199707,1.7047029733657837,2.612720012664795,10.958807945251465,-1.7437150478363037,14.934618949890137,8.713045120239258,8.664483070373535,-2.0476553440093994,2.35691499710083,18.69864273071289
197,-19.207094192504883,-15.402722358703613,-15.842069625854492,-13.56316089630127,-13.792475700378418,-12.472829818725586,-0.8038321733474731,-4.458500862121582,-15.155754089355469,1.8252062797546387,-0.8999913334846497,3.3265624046325684,7.4850358963012695,-0.4872279465198517,-0.6265286803245544,-8.6628999710083
198,6.338876247406006,1.5653382539749146,3.4470741748809814,6.128049373626709,2.723259449005127,11.171964645385742,6.5214643478393555,8.680107116699219,-5.299051761627197,8.615071296691895,2.52817964553833,3.3277690410614014,7.254927158355713,11.054055213928223,1.802575707435608,-11.920635223388672
199,14.229037284851074,12.397100448608398,15.794719696044922,19.98808479309082,16.88587760925293,23.871078491210938,9.920975685119629,19.929325103759766,15.396470069885254,18.074127197265625,27.25204849243164,22.046905517578125,16.205068588256836,13.845157623291016,5.151819705963135,13.933778762817383
200,-3.441826105117798,-5.532844543457031,1.9120341539382935,11.452632904052734,2.4393861293792725,1.5802857875823975,4.647839546203613,6.444375038146973,-8.9370756149292,7.134158611297607,6.246241092681885,4.5748090744018555,0.28239917755126953,5.448431968688965,0.10064245015382767,-1.2083016633987427
201,-3.663182258605957,-6.523077011108398,-1.8090307712554932,7.115897178649902,-6.131278991699219,-4.455345630645752,-0.5048830509185791,0.29216983914375305,-0.272861510515213,0.7064189910888672,5.427431583404541,2.79600191116333,-4.841243743896484,0.9745345115661621,-0.6050693988800049,8.883776664733887
202,3.5466437339782715,1.1744506359100342,0.9070131778717041,10.28891658782959,5.280540466308594,-0.09110691398382187,-2.502967119216919,-3.437277317047119,0.9159837961196899,-3.1855239868164062,-1.254516363143921,-7.528927803039551,-7.8694329261779785,-5.437720775604248,-3.0406057834625244,7.869129180908203
203,2.0016210079193115,4.986643314361572,5.673328399658203,15.635194778442383,13.539139747619629,0.5108575820922852,1.538174033164978,-3.259550094604492,-1.1266050338745117,-2.998873710632324,-6.267114162445068,-10.868485450744629,-11.298221588134766,-9.874812126159668,-5.077434062957764,-0.08353313058614731
204,-7.891030788421631,-2.4245405197143555,-8.155460357666016,-2.7759623527526855,-11.029431343078613,-13.473749160766602,0.49002933502197266,-8.379148483276367,2.3194580078125,1.7245360612869263,-1.1900980472564697,-3.419961929321289,-10.02840805053711,-2.5791709423065186,0.9285053014755249,1.4483094215393066
205,-16.06863784790039,-11.773666381835938,-17.8846378326416,-14.327258110046387,-14.498703002929688,-22.57547950744629,-6.557981014251709,-12.042146682739258,-12.941067695617676,-2.4501335620880127,-12.775890350341797,-10.125749588012695,-9.977319717407227,-3.4149417877197266,0.9337517619132996,-8.766790390014648
206,-5.307990550994873,-8.88277816772461,-11.661467552185059,-9.767580032348633,-6.505489349365234,-13.863020896911621,-9.892433166503906,-6.486857891082764,-10.396767616271973,-2.7050929069519043,-12.978303909301758,-9.843667030334473,-10.417200088500977,-4.817060947418213,-4.810868263244629,-11.832974433898926
207,14.960372924804688,10.75922966003418,4.648850917816162,1.2059392929077148,1.1355550289154053,11.65056037902832,-4.314486503601074,8.89716911315918,10.672449111938477,-1.1403093338012695,15.86919116973877,10.20002555847168,-2.1925017833709717,-0.027137121185660362,-2.3151443004608154,10.325226783752441
208,-0.21952183544635773,-0.3470274806022644,-0.5894697904586792,-1.895761251449585,-1.7402418851852417,5.861748218536377,-1.2185124158859253,7.2122931480407715,-2.0632340908050537,2.931818962097168,13.985660552978516,16.334741592407227,7.403176784515381,3.5636913776397705,2.31589412689209,1.8201805353164673
209,1.567619800567627,2.958987236022949,3.1389434337615967,4.103274822235107,2.8240909576416016,3.1813395023345947,2.341960906982422,3.5813071727752686,-1.1764875650405884,1.1768912076950073,4.878125190734863,6.49567174911499,-0.11606711894273758,-0.4112982749938965,-3.177745819091797,-7.92954683303833
210,1.6755603551864624,5.279377460479736,2.8924753665924072,-1.1826591491699219,1.555233120918274,5.955908298492432,2.530996799468994,4.35438346862793,9.429747581481934,5.715547561645508,10.26123046875,8.8146333694458,2.211371421813965,3.15830135345459,2.3608181476593018,2.1844911575317383
211,-0.13934193551540375,5.052773952484131,0.46340301632881165,-6.752152919769287,0.7931507229804993,3.2232635021209717,4.010610103607178,6.991370677947998,5.990225791931152,5.820838928222656,7.627011299133301,8.871598243713379,4.142099380493164,6.62877082824707,5.4308881759643555,-0.14812564849853516
212,12.627241134643555,22.02884292602539,15.077204704284668,8.825115203857422,13.04720687866211,14.637731552124023,7.134098529815674,14.642546653747559,8.588929176330566,12.691845893859863,11.36747932434082,12.961040496826172,12.126264572143555,10.70326042175293,9.652698516845703,9.219463348388672
213,1.8713765144348145,9.221954345703125,4.461386203765869,-2.3275487422943115,5.394492149353027,4.2111663818359375,3.715264320373535,5.384319305419922,2.9809134006500244,10.574138641357422,9.616182327270508,10.940594673156738,16.814918518066406,9.977084159851074,12.168953895568848,13.364365577697754
214,6.888794422149658,2.2699029445648193,5.625005722045898,-0.2856568396091461,6.607693672180176,3.294600248336792,6.691922664642334,-2.122109889984131,1.0421780347824097,-3.8107895851135254,-7.6902995109558105,-8.010967254638672,3.5525832176208496,2.521578073501587,2.0527026653289795,-2.9848122596740723
215,2.7640366554260254,-1.0596187114715576,4.077732563018799,-2.551185131072998,-0.7779942750930786,0.5241706967353821,2.990445852279663,-9.829147338867188,2.636470317840576,-11.966607093811035,-14.419514656066895,-15.524811744689941,-8.796364784240723,-2.175063133239746,-6.939518928527832,-4.077826023101807
216,-0.2334485799074173,-3.456949234008789,0.46658065915107727,-8.319379806518555,-6.687650203704834,-3.6720733642578125,-2.0449862480163574,-11.630196571350098,0.6799058318138123,-13.061882019042969,-8.059449195861816,-16.588590621948242,-10.046032905578613,-3.2075607776641846,-7.736491680145264,1.8749338388442993
217,-5.096767425537109,-9.328033447265625,-7.72062349319458,-15.027527809143066,-14.399495124816895,-7.419192790985107,-7.874279499053955,-12.769086837768555,-1.5880047082901,-15.703289985656738,-11.241355895996094,-20.604019165039062,-11.76783561706543,-6.092671871185303,-10.018085479736328,-7.0992326736450195
218,-19.92528533935547,-12.097173690795898,-16.605966567993164,-23.14235496520996,-17.853822708129883,-12.530901908874512,-6.006792068481445,-10.891647338867188,-12.237824440002441,-11.62454605102539,-16.893863677978516,-15.360297203063965,-11.284528732299805,-4.231428146362305,-8.67283821105957,-16.050905227661133
219,-1.447237253189087,3.4222750663757324,3.0964889526367188,-2.3731882572174072,3.9074554443359375,7.908271789550781,4.114774227142334,5.061995983123779,-10.216937065124512,-5.172762870788574,-2.8878259658813477,-1.5428651571273804,-3.734592914581299,2.19023060798645,-0.04075196757912636,-6.574103832244873
220,-1.447237253189087,3.4222750663757324,3.0964889526367188,-2.3731882572174072,3.9074554443359375,7.908271789550781,4.114774227142334,5.061995983123779,-10.216937065124512,-5.172762870788574,-2.8878259658813477,-1.5428651571273804,-3.734592914581299,2.19023060798645,-0.04075196757912636,-6.574103832244873
221,1.2585004568099976,1.4774904251098633,-0.14895011484622955,-3.397787094116211,1.6943730115890503,4.787424564361572,3.642754077911377,7.401256561279297,-5.1646037101745605,6.077259063720703,8.393342018127441,12.282172203063965,7.888297080993652,9.76095962524414,10.612920761108398,-0.11350922286510468
222,0.5460816621780396,-0.7459823489189148,2.3304975032806396,1.4386736154556274,4.17588472366333,4.066141605377197,-1.0856976509094238,8.40029525756836,-4.180384635925293,7.241497039794922,4.191143989562988,8.282156944274902,5.558313369750977,4.890564441680908,11.505980491638184,-2.901017904281616
223,15.233392715454102,6.137511253356934,12.889162063598633,14.25967025756836,13.521663665771484,15.284910202026367,5.080379962921143,15.429648399353027,2.1477127075195312,4.430187702178955,13.317530632019043,11.820887565612793,6.218296527862549,0.9974272847175598,12.633326530456543,7.204737663269043
224,10.28221321105957,1.3469891548156738,6.694305896759033,10.128933906555176,8.633810043334961,8.069862365722656,3.1074724197387695,9.26173210144043,13.392959594726562,8.895062446594238,20.473079681396484,18.550458908081055,9.956116676330566,3.5985267162323,10.23288345336914,18.171810150146484
225,10.28221321105957,1.3469891548156738,6.694305896759033,10.128933906555176,8.633810043334961,8.069862365722656,3.1074724197387695,9.26173210144043,13.392959594726562,8.895062446594238,20.473079681396484,18.550458908081055,9.956116676330566,3.5985267162323,10.23288345336914,18.171810150146484
226,0.7191707491874695,2.8631935119628906,2.7872259616851807,6.4430832862854,0.026724476367235184,-1.6359981298446655,1.6415588855743408,3.9658753871917725,8.621241569519043,3.3583590984344482,1.2405023574829102,7.288872718811035,10.305212020874023,1.3428617715835571,3.9898948669433594,2.7348127365112305
227,3.386770009994507,1.0860017538070679,2.2050914764404297,6.988058567047119,2.0437369346618652,-5.129301071166992,0.17246973514556885,-4.998950958251953,0.6749807596206665,-3.3695743083953857,-11.532624244689941,-4.339962482452393,3.3637735843658447,0.8424170613288879,1.44380784034729,-5.218051433563232
228,-2.3411712646484375,4.491495132446289,7.058539390563965,11.204029083251953,6.901800632476807,-6.962072849273682,-1.974615454673767,-8.345827102661133,6.082522869110107,-7.529155254364014,-12.334172248840332,-10.821823120117188,-1.7475990056991577,-4.19124698638916,-3.789344549179077,7.366366863250732
229,-4.914577484130859,9.098362922668457,10.932574272155762,16.09048843383789,11.808134078979492,-3.956692695617676,-2.8534469604492188,-5.9073004722595215,1.8664393424987793,-4.449670314788818,-8.505904197692871,-12.98947525024414,-1.9492032527923584,-3.4146132469177246,-3.716386556625366,11.034223556518555
230,-10.138619422912598,-11.238526344299316,-13.13747501373291,-11.301558494567871,-9.954052925109863,-13.47906494140625,-5.182231903076172,-8.905488967895508,-18.80129623413086,-3.780026912689209,-16.97268295288086,-16.83579444885254,-4.81775426864624,-8.061920166015625,-12.199524879455566,-6.794648170471191
231,-10.441627502441406,-13.415209770202637,-10.739566802978516,-8.664073944091797,-14.294157981872559,-9.864940643310547,-3.2238008975982666,0.5308191180229187,-7.566976070404053,4.566332817077637,-1.9847813844680786,-4.402916431427002,-0.31055912375450134,-9.88232135772705,-9.051115989685059,-10.372894287109375
232,-2.690256357192993,-8.309778213500977,-1.7497940063476562,0.08877960592508316,-7.423016548156738,1.8301485776901245,-1.2403579950332642,8.298079490661621,-2.5015501976013184,4.81355619430542,5.874577522277832,2.795440912246704,-1.132675051689148,-7.305904865264893,-4.589234828948975,-16.36902618408203
233,9.81705379486084,4.366954326629639,7.110466480255127,9.817999839782715,6.374903202056885,15.854179382324219,3.9213168621063232,13.969841003417969,-2.679165840148926,10.128499031066895,14.448112487792969,15.471349716186523,2.7263453006744385,-1.7496367692947388,2.461728096008301,-4.153648376464844
234,16.490802764892578,14.76395034790039,15.494342803955078,21.52936553955078,15.682572364807129,21.30710220336914,7.754459857940674,18.446443557739258,13.71409797668457,15.968683242797852,27.58494758605957,23.734189987182617,8.111174583435059,3.3584835529327393,5.742435455322266,8.394368171691895
235,-2.1588616371154785,3.3907880783081055,3.0725934505462646,7.400135517120361,5.206272125244141,5.98035192489624,4.196413516998291,9.084336280822754,18.421850204467773,16.495622634887695,22.398895263671875,21.443603515625,10.276291847229004,7.557218551635742,7.070252418518066,7.116739273071289
236,-9.227001190185547,-5.1569719314575195,-11.173898696899414,-10.267499923706055,-16.96590232849121,-5.822749614715576,-2.6812877655029297,-4.916632652282715,-2.1896612644195557,4.491244316101074,-1.9502826929092407,5.951534271240234,0.04544973000884056,1.9970840215682983,1.2678275108337402,-5.338589191436768
237,-4.284616470336914,-0.9711225628852844,-6.84311580657959,-4.454799652099609,-9.705141067504883,-2.8053836822509766,-2.1910293102264404,-7.8884100914001465,-6.187623500823975,-2.2932002544403076,-8.286225318908691,-4.446234703063965,-2.4364800453186035,0.3765751123428345,0.13804015517234802,-8.93221664428711
238,-0.20949290692806244,3.655869483947754,3.2361536026000977,9.807726860046387,12.347772598266602,4.447833061218262,-0.594296932220459,-6.474121570587158,2.7807374000549316,-12.026538848876953,-7.247602462768555,-8.886164665222168,-7.305903434753418,-3.0759100914001465,-2.3455750942230225,3.3434526920318604
239,-0.5462610721588135,5.265557289123535,-0.3753727376461029,4.72377347946167,8.666064262390137,1.586257815361023,0.5378719568252563,-4.2074127197265625,-3.591689348220825,-16.101388931274414,-7.813470363616943,-4.396860122680664,-2.0387210845947266,-1.3216508626937866,-2.6226866245269775,9.251627922058105
240,-18.88343620300293,-11.836106300354004,-19.783981323242188,-16.500829696655273,-12.012361526489258,-18.066850662231445,-3.9486188888549805,-10.244504928588867,-6.668511390686035,-12.086028099060059,-9.322981834411621,-5.241385459899902,-1.1336779594421387,3.18835186958313,-2.8347384929656982,1.0357571840286255
241,-8.972809791564941,-8.992530822753906,-15.547918319702148,-13.415121078491211,-11.412161827087402,-16.43907356262207,-6.473170280456543,-10.897655487060547,-13.61834716796875,-9.63175106048584,-20.660051345825195,-18.158817291259766,-17.46440887451172,-0.13933728635311127,-6.324416160583496,-10.286409378051758
242,11.096925735473633,2.7411673069000244,4.553506374359131,3.7635180950164795,6.229155540466309,2.3017795085906982,-2.65155291557312,-1.8592309951782227,-2.6901626586914062,-6.918435573577881,-7.752144813537598,-7.8076701164245605,-15.490110397338867,-4.025407791137695,-4.130191802978516,-2.8808836936950684
243,16.534927368164062,13.851465225219727,13.3278226852417,9.946765899658203,13.25472640991211,15.398553848266602,8.934225082397461,9.410370826721191,18.7574405670166,5.818271160125732,25.22056007385254,17.50996208190918,3.1512210369110107,-1.9835988283157349,5.085836410522461,15.45286750793457
244,-4.926817417144775,-4.0712785720825195,-8.39836597442627,-13.972156524658203,-8.280263900756836,-3.1112027168273926,5.3174662590026855,2.977550983428955,-2.805126190185547,10.635114669799805,17.04557228088379,14.056074142456055,7.446307182312012,0.7919935584068298,8.527565956115723,2.9301669597625732
245,-4.679371356964111,-11.572644233703613,-9.163378715515137,-15.120136260986328,-6.552302360534668,-9.137091636657715,-0.14643286168575287,-1.4011775255203247,-15.194300651550293,2.4772634506225586,-9.989608764648438,-3.3158931732177734,-4.097706317901611,-2.629667282104492,1.9399727582931519,-14.504074096679688
246,16.569915771484375,7.605273723602295,9.311029434204102,4.422796726226807,11.675772666931152,8.840250968933105,4.310255527496338,3.8357813358306885,2.0741164684295654,2.9541516304016113,1.5354043245315552,6.594851493835449,-3.339374542236328,-1.932685136795044,2.362745761871338,2.4381518363952637
247,2.0606579780578613,1.5064618587493896,2.1012279987335205,-2.818474292755127,4.2444329261779785,1.0915597677230835,3.778748035430908,0.8903135061264038,-1.8919901847839355,4.786038398742676,4.76426887512207,9.752431869506836,5.4780354499816895,-0.2394130825996399,5.170646667480469,4.22661018371582
248,12.625264167785645,6.172691345214844,12.84884262084961,7.2853217124938965,8.49097728729248,7.219448089599609,-3.311058759689331,2.910572052001953,7.157917499542236,0.9581713676452637,0.24099868535995483,0.6839953064918518,0.7867914438247681,-2.1986918449401855,-1.7868059873580933,1.3382208347320557
249,10.737947463989258,12.86206340789795,11.26055908203125,5.243056774139404,8.855325698852539,4.73233699798584,-1.5398355722427368,8.263649940490723,25.275238037109375,1.181211233139038,11.51295280456543,12.600239753723145,10.022651672363281,0.8092222809791565,-2.7737107276916504,20.401506423950195
250,10.737947463989258,12.86206340789795,11.26055908203125,5.243056774139404,8.855325698852539,4.73233699798584,-1.5398355722427368,8.263649940490723,25.275238037109375,1.181211233139038,11.51295280456543,12.600239753723145,10.022651672363281,0.8092222809791565,-2.7737107276916504,20.401506423950195
251,-9.32738971710205,-0.44257768988609314,-2.588747024536133,-6.3508453369140625,-2.890061855316162,-5.832269668579102,0.5421432852745056,6.012668132781982,6.68405294418335,3.9992384910583496,2.4043705463409424,9.227167129516602,9.193184852600098,6.1208319664001465,1.3047679662704468,13.076193809509277
252,-3.5945868492126465,1.6009057760238647,-3.1777405738830566,-3.3814427852630615,-3.064089298248291,-3.9365997314453125,2.7637341022491455,2.1970698833465576,-12.2720947265625,1.2859878540039062,-11.097793579101562,-2.6697986125946045,0.5344686508178711,8.450854301452637,2.7379629611968994,-6.8057990074157715
253,-2.263291358947754,-5.51919412612915,-8.320629119873047,-6.514894962310791,-1.536906123161316,-9.511319160461426,1.2135192155838013,-4.4968132972717285,-1.2441880702972412,0.12597084045410156,-7.406788349151611,-4.768040657043457,-1.678839087486267,7.183657169342041,8.515310287475586,-0.8733959197998047
254,-5.545931339263916,-3.7687273025512695,-5.370543479919434,-6.793348789215088,-9.546249389648438,-2.8684957027435303,2.5235438346862793,-2.5386719703674316,6.033139705657959,-3.7064685821533203,3.159304141998291,-2.8175876140594482,0.004364171996712685,4.583737850189209,9.993892669677734,1.6713083982467651
255,-1.6368120908737183,-6.882814884185791,-2.0007808208465576,-5.4825849533081055,-9.735954284667969,2.3852169513702393,0.22883588075637817,-4.108291149139404,-9.635161399841309,-2.545152187347412,-7.4286322593688965,-10.282536506652832,-2.8648993968963623,1.4467211961746216,0.02026262693107128,-15.624589920043945
256,11.81328296661377,2.447634696960449,11.263015747070312,6.741410255432129,2.093209743499756,11.404492378234863,-3.807534694671631,0.26890799403190613,-0.015715578570961952,-1.9406132698059082,-5.176366329193115,-8.568168640136719,-6.242034435272217,-5.522017002105713,-8.709829330444336,-14.048079490661621
257,17.74150276184082,14.809688568115234,19.624130249023438,16.99541664123535,8.242423057556152,19.36351776123047,-0.1607789248228073,9.764641761779785,27.824167251586914,9.037075996398926,26.053756713867188,16.6527156829834,5.093067169189453,2.485316038131714,-3.9210987091064453,11.172760963439941
258,3.909334182739258,-3.4970638751983643,2.4037957191467285,4.438541889190674,-0.32309436798095703,3.787625312805176,-1.7059930562973022,2.583340644836426,6.821215629577637,8.187233924865723,9.219366073608398,9.420475959777832,4.004173755645752,2.756193161010742,-6.228346824645996,5.172518730163574
259,-8.606465339660645,-16.964651107788086,-5.578667640686035,-1.8562164306640625,-6.373708724975586,-4.296136379241943,0.6050199270248413,-0.7879234552383423,-11.347786903381348,5.181821346282959,-7.136709213256836,-7.106605052947998,-0.8926239013671875,-0.09094325453042984,-4.808849811553955,-9.266064643859863
260,-8.052281379699707,-12.898704528808594,-1.674035906791687,0.5527276992797852,-2.402346134185791,-3.248460531234741,5.898554801940918,-0.23803560435771942,4.660367965698242,2.4321396350860596,4.094796180725098,-7.512623310089111,-4.329782485961914,2.52189040184021,-2.9524810314178467,-4.57729959487915
261,-8.84732437133789,-18.882495880126953,-6.911651134490967,-3.5586953163146973,0.8052907586097717,-13.0323486328125,3.2162084579467773,-8.611305236816406,-5.198237895965576,-3.3770689964294434,-14.892743110656738,-15.057936668395996,-6.228076457977295,2.398665189743042,-4.012881278991699,-6.302556037902832
262,1.7711589336395264,-7.9391889572143555,2.141613245010376,5.646663188934326,14.46928596496582,-2.596081018447876,2.6204605102539062,-4.427263259887695,-2.074493408203125,-11.1268949508667,-12.126148223876953,-12.766718864440918,-4.896215438842773,-0.09005866199731827,-1.5870471000671387,7.247748851776123
263,1.6631972789764404,7.646866321563721,9.567703247070312,11.918549537658691,11.23265266418457,7.739187240600586,6.014817714691162,3.587757110595703,7.91935396194458,-8.992355346679688,3.3196747303009033,1.10631263256073,9.330329895019531,2.3641812801361084,4.76072883605957,20.39560317993164
264,-2.3481462001800537,4.142721176147461,5.391336441040039,10.708800315856934,9.853257179260254,4.10050630569458,4.954920291900635,1.546363115310669,-6.231507778167725,-9.087017059326172,-0.5353975892066956,1.857727289199829,11.491415023803711,-4.418863296508789,3.970792055130005,15.286266326904297
265,-2.3481462001800537,4.142721176147461,5.391336441040039,10.708800315856934,9.853257179260254,4.10050630569458,4.954920291900635,1.546363115310669,-6.231507778167725,-9.087017059326172,-0.5353975892066956,1.857727289199829,11.491415023803711,-4.418863296508789,3.970792055130005,15.286266326904297
266,-3.9636638164520264,6.985370635986328,-2.742983341217041,-0.6746876835823059,-0.18446384370326996,-0.8987382650375366,1.1601066589355469,-2.976285934448242,-2.5526680946350098,-7.499960422515869,4.975852012634277,4.8098344802856445,9.325797080993652,-6.618134498596191,2.798896074295044,2.7598631381988525
267,-33.803035736083984,-17.901081085205078,-33.04350280761719,-33.8143310546875,-34.41335678100586,-30.555145263671875,-11.93969440460205,-19.57514190673828,-20.572208404541016,-8.978145599365234,-11.509710311889648,-6.980746746063232,-1.587006688117981,-9.97877025604248,-7.484731197357178,-17.635648727416992
268,-15.502609252929688,-16.446205139160156,-22.197265625,-22.418169021606445,-22.548622131347656,-19.779083251953125,-10.728883743286133,-12.667201042175293,-31.680110931396484,-7.264316558837891,-23.769126892089844,-20.87303352355957,-14.356812477111816,-20.72336196899414,-15.046243667602539,-25.997255325317383
269,7.4701433181762695,8.708044052124023,1.2964926958084106,-2.5756611824035645,-9.314153671264648,3.4607691764831543,-3.573681592941284,1.7837404012680054,-2.7128241062164307,1.2419160604476929,0.4948737621307373,-2.5314900875091553,-4.221656322479248,-17.05400848388672,-8.581897735595703,-12.640885353088379
270,4.085780620574951,9.110725402832031,1.3833273649215698,-3.002685070037842,-5.462385654449463,1.1852394342422485,-2.812946319580078,2.4527735710144043,6.516918659210205,4.826239585876465,13.692448616027832,6.981312274932861,-1.114657998085022,-11.669611930847168,-7.986284255981445,-2.8855040073394775
271,10.030099868774414,-1.5863434076309204,3.1468851566314697,1.4263653755187988,0.9049731492996216,5.31768798828125,-2.201949119567871,2.725956916809082,6.65034818649292,4.201253414154053,4.505865573883057,0.5521566271781921,-5.308573246002197,-7.967165946960449,-8.7456693649292,-9.086277961730957
272,7.719577312469482,2.030550956726074,7.939924716949463,6.7179179191589355,6.718692302703857,9.632672309875488,4.513128757476807,9.053017616271973,5.072332382202148,4.795008659362793,2.796747922897339,5.990283489227295,3.413668155670166,3.649111032485962,-0.7044505476951599,-0.35442885756492615
273,14.913856506347656,16.177852630615234,18.69991683959961,18.418554306030273,28.36445426940918,16.27007293701172,4.193659782409668,16.562353134155273,9.58739185333252,6.825001239776611,9.914074897766113,11.090736389160156,8.7762451171875,11.272479057312012,8.756427764892578,16.758602142333984
274,-0.024887053295969963,4.521124362945557,1.1100999116897583,1.9488420486450195,10.528148651123047,-2.5049872398376465,1.251250982284546,11.008526802062988,6.2254414558410645,4.595517158508301,2.3288114070892334,10.469021797180176,10.19131851196289,10.590493202209473,13.195653915405273,10.159138679504395
275,-9.261966705322266,-10.733946800231934,-6.6625471115112305,-4.21178674697876,-4.524876594543457,-8.156874656677246,2.5884225368499756,4.820326328277588,-9.329891204833984,4.6446733474731445,-5.00619649887085,4.755609512329102,4.459314346313477,10.8864164352417,11.449398040771484,12.536383628845215
276,11.64949893951416,6.170341491699219,13.215008735656738,14.081549644470215,16.08786392211914,13.279044151306152,6.794576168060303,11.598690032958984,0.7813401818275452,5.484831809997559,2.709141731262207,6.979365825653076,10.397151947021484,16.57978057861328,11.888439178466797,14.313936233520508
277,4.289517879486084,3.484318494796753,2.3559160232543945,0.2648565471172333,-0.8343724608421326,4.421105861663818,0.684613049030304,1.5232887268066406,9.235233306884766,6.051462173461914,8.505833625793457,11.486302375793457,10.6703519821167,15.871659278869629,9.498916625976562,-0.7131243944168091
278,-9.087172508239746,-5.647457599639893,-14.550264358520508,-17.477224349975586,-24.006874084472656,-12.395918846130371,-6.286635875701904,-11.869962692260742,-6.039525508880615,1.1518417596817017,-2.4243662357330322,1.9707005023956299,-6.58772611618042,1.9397765398025513,-2.288858652114868,-11.37429428100586
279,0.8938885927200317,-2.4837045669555664,-6.617773532867432,-5.720108509063721,-13.197511672973633,-3.0653016567230225,-7.789804935455322,-9.921525001525879,-3.5163424015045166,-0.39155590534210205,-4.010946273803711,-3.2390384674072266,-19.57156753540039,-2.1808624267578125,-8.61811637878418,-15.183902740478516
280,-6.112702369689941,-6.01297664642334,-9.781896591186523,-11.322175025939941,-14.496731758117676,-8.16816234588623,-10.314732551574707,-17.952545166015625,-5.267158508300781,-4.810125350952148,-10.678683280944824,-14.904117584228516,-24.6754150390625,-8.509828567504883,-12.84164047241211,-15.189030647277832
281,4.9586310386657715,4.776772975921631,3.7947311401367188,3.0607924461364746,-1.5599863529205322,4.553303241729736,-3.991126298904419,-10.99240779876709,13.172002792358398,-6.744389533996582,-2.3612568378448486,-15.339851379394531,-21.23011589050293,-6.877202987670898,-13.599970817565918,-11.910258293151855
282,-2.95595383644104,1.0733026266098022,2.9479904174804688,4.338937282562256,1.7495527267456055,2.0642385482788086,-0.46495863795280457,-5.72566556930542,-0.7108379006385803,-5.845469951629639,-6.122135162353516,-11.785886764526367,-8.492385864257812,-4.799228191375732,-8.798324584960938,-5.967606544494629
283,2.177320718765259,3.3718931674957275,5.937475681304932,7.189019680023193,11.625998497009277,1.5899431705474854,2.577065944671631,2.1939518451690674,0.9642120003700256,-7.112154006958008,-4.040765762329102,-6.422215461730957,-1.527054786682129,-3.8129653930664062,-0.18733222782611847,6.271917343139648
284,-3.675593852996826,8.304794311523438,3.651995897293091,1.9170938730239868,8.04151439666748,1.240610122680664,5.985936641693115,4.876450538635254,-1.197002649307251,-1.5637552738189697,-2.9095749855041504,-4.224867820739746,13.464651107788086,1.721726417541504,8.551386833190918,11.192362785339355
285,-3.675593852996826,8.304794311523438,3.651995897293091,1.9170938730239868,8.04151439666748,1.240610122680664,5.985936641693115,4.876450538635254,-1.197002649307251,-1.5637552738189697,-2.9095749855041504,-4.224867820739746,13.464651107788086,1.721726417541504,8.551386833190918,11.192362785339355
286,-1.5660064220428467,8.700788497924805,7.834709644317627,6.3072509765625,9.423023223876953,4.742480278015137,6.493021488189697,8.741255760192871,-13.60019588470459,-3.677199602127075,-8.092602729797363,-9.910654067993164,11.593116760253906,1.815700888633728,10.115065574645996,-0.6915735602378845
287,7.966943264007568,8.769454002380371,11.905317306518555,12.966696739196777,12.293770790100098,9.598374366760254,7.4338812828063965,16.059215545654297,6.005161762237549,-1.2295879125595093,5.211788654327393,7.09567928314209,10.998865127563477,5.880350112915039,10.646862983703613,13.158883094787598
288,-0.8013407588005066,4.566767692565918,4.323563575744629,3.8261988162994385,3.0882325172424316,6.670333385467529,3.4689266681671143,15.092269897460938,2.5428719520568848,5.042077541351318,10.371631622314453,18.4709415435791,15.622522354125977,5.273578643798828,8.904221534729004,16.085567474365234
289,8.3154296875,8.124275207519531,7.8969550132751465,7.148403167724609,5.017178535461426,12.756698608398438,4.46651554107666,14.494874000549316,2.162019968032837,9.059969902038574,9.10318374633789,17.110763549804688,10.639217376708984,1.1758062839508057,9.604984283447266,-1.628647804260254
290,15.178935050964355,10.957473754882812,5.992311000823975,3.6271791458129883,-0.2691648602485657,9.187474250793457,0.5880815982818604,4.8865203857421875,19.590730667114258,9.237751007080078,17.484554290771484,18.657922744750977,1.5584664344787598,-3.1999120712280273,5.524207592010498,2.1361887454986572
291,-7.304252624511719,-4.111560821533203,-11.09203815460205,-15.088335990905762,-15.335968971252441,-12.493167877197266,-2.909907341003418,-8.587630271911621,8.706231117248535,7.38560152053833,10.93989086151123,8.638713836669922,-2.918989896774292,-8.241494178771973,-2.409454584121704,-5.652928352355957
292,-13.72602367401123,-14.6705961227417,-17.70134735107422,-21.457117080688477,-11.932073593139648,-14.735282897949219,-2.3314058780670166,-12.73196792602539,1.1915181875228882,-0.26232701539993286,-7.086441993713379,-7.566108226776123,-13.019392013549805,-7.503623962402344,-7.151344299316406,-14.196516990661621
293,8.258910179138184,7.187546730041504,0.22294633090496063,-2.791060209274292,11.413990020751953,6.320967674255371,3.6092844009399414,-2.8312346935272217,3.472989797592163,-3.1227340698242188,-3.0607268810272217,-5.568078517913818,-15.104722023010254,-0.502457857131958,-6.453648567199707,0.23481371998786926
294,-0.23444439470767975,-5.506305694580078,-3.0056684017181396,-0.49375519156455994,8.647881507873535,0.769446849822998,1.4898570775985718,-4.826491355895996,0.49666717648506165,-4.696935176849365,4.495118618011475,0.2422039657831192,-5.742551326751709,4.2239155769348145,-6.235483169555664,4.085106372833252
295,2.8255245685577393,-12.547466278076172,-0.8554521799087524,-2.9217052459716797,8.780633926391602,6.82513427734375,1.593227505683899,-0.07097548991441727,-4.348318099975586,2.22360897064209,0.8444051742553711,-6.933800220489502,9.919503211975098,7.424639701843262,9.206846237182617,15.931583404541016
296,9.58115005493164,-2.0872902870178223,9.524467468261719,6.64258337020874,-0.6335039138793945,15.628201484680176,8.7006196975708,9.805153846740723,11.426664352416992,12.629866600036621,15.222622871398926,4.279041290283203,16.656232833862305,15.165910720825195,13.642873764038086,9.754339218139648
297,6.0996551513671875,-5.6710968017578125,4.597518444061279,0.1783093363046646,-2.5526585578918457,11.489176750183105,3.927147388458252,9.451558113098145,13.630715370178223,16.842674255371094,15.021249771118164,8.909375190734863,14.528032302856445,15.240150451660156,7.277116775512695,6.514092922210693
298,0.8517934083938599,-6.197098731994629,-2.023128032684326,-9.486902236938477,-8.401060104370117,-0.29109159111976624,-1.105004906654358,2.1173393726348877,-1.3208569288253784,11.072823524475098,-1.8606367111206055,-0.2252008020877838,2.3906993865966797,4.239930152893066,-6.108839988708496,-13.697196960449219
299,-4.123569965362549,-6.550441741943359,-2.5540518760681152,-9.151960372924805,-13.261908531188965,-8.546043395996094,-5.377254009246826,-4.0904541015625,-2.970231533050537,6.056394577026367,-0.27505770325660706,-4.5307159423828125,-14.910212516784668,-0.2694565951824188,-9.415101051330566,-19.068824768066406
300,0.8517934083938599,-6.197098731994629,-2.023128032684326,-9.486902236938477,-8.401060104370117,-0.29109159111976624,-1.105004906654358,2.1173393726348877,-1.3208569288253784,11.072823524475098,-1.8606367111206055,-0.2252008020877838,2.3906993865966797,4.239930152893066,-6.108839988708496,-13.697196960449219
301,-4.123569965362549,-6.550441741943359,-2.5540518760681152,-9.151960372924805,-13.261908531188965,-8.546043395996094,-5.377254009246826,-4.0904541015625,-2.970231533050537,6.056394577026367,-0.27505770325660706,-4.5307159423828125,-14.910212516784668,-0.2694565951824188,-9.415101051330566,-19.068824768066406
302,5.660760402679443,3.8553414344787598,4.397971153259277,-0.47238224744796753,-8.282637596130371,-6.120059967041016,-6.01898193359375,-3.651273012161255,1.7440317869186401,-5.24375057220459,-2.1774537563323975,-10.502854347229004,-21.996545791625977,-4.552042007446289,-13.780983924865723,-10.827324867248535
303,-4.00184965133667,-4.04880428314209,-4.574833393096924,-7.987278938293457,-14.985419273376465,-16.795175552368164,-8.500776290893555,-9.896902084350586,0.7430166602134705,-9.719366073608398,-15.735562324523926,-17.375959396362305,-18.332218170166016,-5.636020660400391,-15.299966812133789,-12.84089183807373
304,-4.262517929077148,3.552089214324951,-1.1150928735733032,-3.280841112136841,-2.897667407989502,-11.205196380615234,-4.141685962677002,-8.917756080627441,-1.4383970499038696,-14.837116241455078,-17.23162269592285,-17.752107620239258,-20.370058059692383,-8.83946418762207,-13.361084938049316,-8.627055168151855
305,-8.8115873336792,-0.11955662071704865,-6.3153791427612305,-5.3401288986206055,-4.95737886428833,-11.855804443359375,-5.314361095428467,-1.0499205589294434,-3.6754367351531982,-5.248960018157959,-9.191858291625977,1.422440528869629,2.415959596633911,-4.19847297668457,1.6479817628860474,0.7479565739631653
306,-4.381054878234863,7.817553520202637,0.11517300456762314,0.0723894014954567,-4.3705596923828125,-7.290534973144531,-2.5725464820861816,3.397700786590576,-10.04132080078125,-2.7114696502685547,-10.265105247497559,3.44063401222229,14.026616096496582,-1.6021240949630737,6.477199077606201,1.0833826065063477
307,-2.231562614440918,6.045802116394043,-2.144014835357666,-2.973081350326538,-8.374267578125,-7.142489910125732,-3.9001669883728027,2.656559944152832,-6.873556613922119,0.0976373553276062,-1.613674521446228,10.394030570983887,21.1522216796875,-0.06439346075057983,9.439842224121094,-1.5373632907867432
308,8.205987930297852,12.266587257385254,8.629249572753906,8.386407852172852,5.358488082885742,7.488338470458984,-0.5289950966835022,7.786626815795898,3.873863935470581,1.4092246294021606,7.262989521026611,15.43031120300293,21.01532745361328,6.621599197387695,10.351088523864746,-7.274362087249756
309,22.81446647644043,20.60637855529785,25.535688400268555,25.255712509155273,15.796921730041504,25.991395950317383,6.98475456237793,18.691526412963867,8.887805938720703,1.8216241598129272,13.534916877746582,20.716333389282227,18.81670570373535,8.527411460876465,9.060625076293945,-2.9509646892547607
310,17.296403884887695,23.85172462463379,25.589820861816406,24.762615203857422,22.63859748840332,30.146495819091797,13.446930885314941,22.52549934387207,21.337228775024414,9.493514060974121,25.4141845703125,30.305599212646484,22.60298728942871,7.194191932678223,9.413259506225586,18.032272338867188
311,7.392542362213135,19.03534698486328,11.820287704467773,10.895048141479492,11.109328269958496,18.870180130004883,10.521328926086426,11.792464256286621,18.842174530029297,8.37598705291748,23.896299362182617,23.946529388427734,17.118932723999023,2.860318899154663,8.07589054107666,17.756134033203125
312,-0.9458874464035034,2.1840248107910156,-1.4513204097747803,0.16633781790733337,-5.535207271575928,-1.919803500175476,4.735673904418945,0.16523489356040955,-4.597723007202148,3.4347894191741943,-4.4779558181762695,0.25328949093818665,2.281904458999634,-6.5722246170043945,1.9925669431686401,-5.4477458000183105
313,-0.15173962712287903,-1.9927634000778198,4.274872779846191,10.151280403137207,7.286409854888916,1.269351601600647,5.837051868438721,-0.22584621608257294,0.07736746221780777,0.6078464984893799,-6.479450702667236,-7.163207054138184,-6.506991386413574,-10.858885765075684,-3.3207383155822754,-1.9240001440048218
314,-4.034778118133545,-2.0913383960723877,-2.060335159301758,4.883398056030273,5.5942254066467285,-0.32717418670654297,9.55467414855957,-2.0275988578796387,2.7098798751831055,-1.8800830841064453,1.972865343093872,-3.7583718299865723,-4.432877540588379,-13.052705764770508,-4.200498580932617,4.415200233459473
315,-1.1041055917739868,-4.145842552185059,-0.7813767790794373,10.755748748779297,6.32835054397583,4.435774803161621,2.886054515838623,-0.8092230558395386,3.4641988277435303,-5.925848484039307,0.997982919216156,-3.642857074737549,-10.880365371704102,-9.024346351623535,-5.768857479095459,13.105900764465332
316,-14.284626007080078,-10.38074779510498,-16.023595809936523,-3.7037506103515625,-7.5061163902282715,-11.633979797363281,-2.249671220779419,-8.42116641998291,-5.250511169433594,-3.8649778366088867,-8.608906745910645,-2.715070962905884,-3.698091506958008,-5.631412029266357,1.5325390100479126,-0.8843629360198975
317,-12.351020812988281,-8.999902725219727,-10.082606315612793,2.925382614135742,-2.4290552139282227,-10.536031723022461,-2.6119635105133057,-5.711308479309082,-10.50126838684082,0.2674848139286041,-11.447144508361816,-9.42109489440918,-3.595287322998047,-1.2986764907836914,9.25615119934082,-8.096325874328613
318,8.587026596069336,6.526865482330322,12.0343656539917,21.87384796142578,11.764641761779785,13.598115921020508,3.3664913177490234,8.691132545471191,15.13022518157959,6.379809379577637,12.128033638000488,2.5150306224823,1.2179360389709473,4.893157482147217,12.171370506286621,6.0239057540893555
319,5.3477935791015625,6.8383870124816895,0.42973941564559937,2.9839844703674316,-3.0482370853424072,2.4988105297088623,1.5176936388015747,7.921464443206787,15.911023139953613,9.479497909545898,14.693913459777832,14.05282974243164,13.397452354431152,6.526321887969971,10.838968276977539,1.4637550115585327
320,8.587026596069336,6.526865482330322,12.0343656539917,21.87384796142578,11.764641761779785,13.598115921020508,3.3664913177490234,8.691132545471191,15.13022518157959,6.379809379577637,12.128033638000488,2.5150306224823,1.2179360389709473,4.893157482147217,12.171370506286621,6.0239057540893555
321,5.3477935791015625,6.8383870124816895,0.42973941564559937,2.9839844703674316,-3.0482370853424072,2.4988105297088623,1.5176936388015747,7.921464443206787,15.911023139953613,9.479497909545898,14.693913459777832,14.05282974243164,13.397452354431152,6.526321887969971,10.838968276977539,1.4637550115585327
322,-0.693517804145813,0.9113817811012268,-7.903927326202393,-8.210232734680176,-11.098146438598633,-9.460575103759766,-6.560785293579102,2.0257744789123535,4.193172931671143,15.626934051513672,9.113109588623047,8.300063133239746,10.581584930419922,7.9360127449035645,9.256994247436523,-4.813531875610352
323,2.1576313972473145,-2.42598557472229,-4.806457042694092,-5.504570960998535,-8.961474418640137,-9.776851654052734,-6.367288112640381,-0.2993461787700653,-2.2057998180389404,13.411750793457031,2.832641124725342,3.9100544452667236,8.39177417755127,7.282894134521484,5.180516719818115,-10.497846603393555
324,-4.798625946044922,-4.7412109375,-6.6240692138671875,-7.253170013427734,-7.996068954467773,-10.268582344055176,-9.10710334777832,-8.599091529846191,-2.22324275970459,5.329675197601318,-4.040130615234375,0.36900076270103455,-0.5795289278030396,5.621695518493652,1.0412465333938599,-6.781395435333252
325,-8.212845802307129,-7.086207389831543,-9.381041526794434,-9.85575008392334,-10.59456729888916,-9.578897476196289,-10.867082595825195,-16.61388397216797,-15.630228042602539,-9.500137329101562,-16.739704132080078,-16.284971237182617,-21.064313888549805,-1.376047968864441,-15.486709594726562,-8.76304817199707
326,-2.9211959838867188,-1.674696683883667,-0.5519328117370605,-2.0838100910186768,-2.662478446960449,-2.614555597305298,-1.7488605976104736,-12.628802299499512,-2.3048763275146484,-10.228109359741211,-11.390944480895996,-15.814528465270996,-19.597627639770508,-1.199408769607544,-17.9710750579834,-0.636806845664978
327,-13.649097442626953,-9.127664566040039,-9.858691215515137,-13.479565620422363,-8.630383491516113,-10.235495567321777,-0.7504724860191345,-12.463122367858887,-13.369888305664062,-7.568457126617432,-12.867036819458008,-13.386842727661133,-10.396075248718262,0.5035813450813293,-13.82138442993164,-1.4366812705993652
328,-8.805208206176758,-8.876404762268066,-5.371219158172607,-8.826468467712402,-6.527620315551758,-1.5595475435256958,-3.1665172576904297,-8.88815689086914,-19.669750213623047,-7.234586238861084,-9.265833854675293,-13.94062614440918,-6.629791736602783,-1.7651301622390747,-9.95797348022461,-0.5176011323928833
329,1.4261740446090698,-2.081071615219116,3.7761757373809814,3.3127269744873047,9.803577423095703,7.152995586395264,-0.3599623143672943,-1.7864166498184204,-5.463876247406006,-1.2287503480911255,1.5542030334472656,-3.091709852218628,2.3464691638946533,-2.067077875137329,0.3666760325431824,9.048150062561035
330,5.295722961425781,2.511000156402588,-2.5054402351379395,-8.419754028320312,-9.346969604492188,1.3348225355148315,1.7808703184127808,3.28224515914917,5.241146087646484,1.2134655714035034,7.925966739654541,7.5023698806762695,-0.12138763815164566,-0.48648539185523987,10.068774223327637,-5.0634589195251465
331,11.269065856933594,3.992823362350464,1.6608096361160278,-6.8631439208984375,-3.1154589653015137,4.997247219085693,-3.1810262203216553,-0.25723540782928467,0.7075982689857483,-2.0814337730407715,0.7583978772163391,1.832779884338379,-3.78584623336792,-10.083895683288574,4.741738319396973,-9.756241798400879
332,9.058670997619629,7.418369293212891,2.9509358406066895,-4.870596408843994,-0.40508344769477844,1.102272629737854,-2.2723052501678467,1.3587323427200317,12.142182350158691,2.3283069133758545,9.70357894897461,9.604207038879395,4.534086227416992,-10.931578636169434,4.732581615447998,3.8035316467285156
333,-6.2353410720825195,-4.9017109870910645,-4.388635158538818,-9.08603572845459,-10.6639986038208,-10.309292793273926,-5.124711036682129,-1.233411431312561,5.821877479553223,-0.512393593788147,-1.259232997894287,5.406043529510498,3.9364960193634033,-3.1685030460357666,1.1816856861114502,-5.32488489151001
334,0.2817084491252899,2.389760971069336,5.469903469085693,1.6230756044387817,-0.6217092871665955,1.404537320137024,-1.8710259199142456,2.956167221069336,-5.065421104431152,-3.8205971717834473,-13.771965026855469,-3.830404758453369,-0.8201004862785339,0.5392383933067322,1.579060435295105,-10.05678939819336
335,-6.2353410720825195,-4.9017109870910645,-4.388635158538818,-9.08603572845459,-10.6639986038208,-10.309292793273926,-5.124711036682129,-1.233411431312561,5.821877479553223,-0.512393593788147,-1.259232997894287,5.406043529510498,3.9364960193634033,-3.1685030460357666,1.1816856861114502,-5.32488489151001
336,0.2817084491252899,2.389760971069336,5.469903469085693,1.6230756044387817,-0.6217092871665955,1.404537320137024,-1.8710259199142456,2.956167221069336,-5.065421104431152,-3.8205971717834473,-13.771965026855469,-3.830404758453369,-0.8201004862785339,0.5392383933067322,1.579060435295105,-10.05678939819336
337,-4.471125602722168,2.5898802280426025,-3.2979347705841064,-6.615586757659912,-8.846091270446777,-7.768192768096924,-2.6351475715637207,-4.508889198303223,-12.034462928771973,-5.10851526260376,-15.224617958068848,-8.650052070617676,0.9878411293029785,2.8281471729278564,-0.9042053818702698,-9.113410949707031
338,-2.464805841445923,3.9150474071502686,2.763856887817383,1.482075572013855,-1.0406177043914795,-1.973225474357605,0.9662272930145264,0.004834441933780909,-6.707342624664307,-4.748785495758057,-10.07652473449707,-13.598481178283691,-2.4289960861206055,5.278440952301025,-5.163990020751953,-9.063127517700195
339,5.9939284324646,4.782226085662842,10.213225364685059,10.188497543334961,9.404054641723633,9.309476852416992,2.4093129634857178,8.717755317687988,3.1996428966522217,-1.531046986579895,4.5003886222839355,-2.0536513328552246,-1.6330175399780273,5.330822944641113,-1.152740240097046,0.791248619556427
340,5.9939284324646,4.782226085662842,10.213225364685059,10.188497543334961,9.404054641723633,9.309476852416992,2.4093129634857178,8.717755317687988,3.1996428966522217,-1.531046986579895,4.5003886222839355,-2.0536513328552246,-1.6330175399780273,5.330822944641113,-1.152740240097046,0.791248619556427
341,2.710282325744629,-2.188877582550049,5.599349021911621,5.443473815917969,10.818032264709473,2.960514783859253,2.900261640548706,7.25067663192749,0.5156282186508179,-2.2727785110473633,3.352071523666382,3.372516632080078,2.416015863418579,9.80880355834961,3.1478471755981445,2.1746926307678223
342,9.33935546875,6.37630033493042,16.524978637695312,16.797550201416016,17.46221351623535,12.044177055358887,6.788639068603516,9.17563533782959,7.529791831970215,-1.2391748428344727,8.614713668823242,3.012934446334839,4.096102714538574,9.629389762878418,4.592628002166748,16.088956832885742
343,12.443140983581543,17.170656204223633,15.342192649841309,14.428674697875977,8.268525123596191,10.047911643981934,8.816156387329102,10.411971092224121,2.7589190006256104,1.7794779539108276,12.661454200744629,6.375685691833496,9.382222175598145,5.041961669921875,4.284171104431152,18.191755294799805
344,3.6906447410583496,7.096081733703613,4.387702941894531,4.2467498779296875,3.339484930038452,-1.5845741033554077,3.620373487472534,5.235952854156494,6.457141399383545,4.460073947906494,13.302545547485352,6.200474262237549,11.684797286987305,4.230508327484131,6.740364074707031,7.806887626647949
345,-8.201854705810547,-1.66493821144104,-8.000667572021484,-7.681868553161621,-10.1524076461792,-13.271285057067871,-2.5821657180786133,-4.701689720153809,-2.2652475833892822,1.9925111532211304,-0.6709621548652649,-4.502450466156006,9.732083320617676,-2.0612401962280273,3.6337900161743164,-6.705416202545166
346,-4.086121559143066,-5.059714317321777,-8.37706470489502,-4.127225875854492,-3.2227108478546143,-12.23594856262207,-4.035114765167236,-6.540611743927002,-8.543327331542969,2.200936794281006,-7.115225791931152,-6.763265609741211,5.334120750427246,-2.128727436065674,-0.49935078620910645,-10.463520050048828
347,-0.7458592057228088,1.4163241386413574,-2.4423811435699463,2.944765329360962,0.7487630844116211,0.4503445327281952,1.1632080078125,0.6944354772567749,5.747796058654785,4.169589519500732,4.670684814453125,3.424098014831543,7.20831298828125,3.1866774559020996,-0.5807880163192749,-0.2539807856082916
348,-11.238249778747559,-5.315499782562256,-9.243586540222168,-4.475761413574219,-15.793904304504395,0.39534899592399597,-1.287676453590393,-1.2147420644760132,-2.7158632278442383,4.588321685791016,-4.657908916473389,-2.0486226081848145,-1.119758129119873,4.394399166107178,-3.8819572925567627,-9.569369316101074
349,-14.770157814025879,-15.39940357208252,-17.30561637878418,-11.97615909576416,-13.928537368774414,-11.107651710510254,-3.7182223796844482,-5.6673150062561035,-5.786798000335693,-2.037970781326294,-12.700530052185059,-5.327700138092041,-8.026939392089844,-2.1729536056518555,-5.068559169769287,-13.528485298156738
350,1.9620442390441895,-3.774662971496582,-2.4008357524871826,1.9693671464920044,0.5699331760406494,2.6932778358459473,-3.455857753753662,-3.7315709590911865,-0.9026165008544922,-3.8912973403930664,-4.74992561340332,-3.716362476348877,-16.238136291503906,-10.035696029663086,-15.744027137756348,4.7521443367004395
351,5.287046432495117,-1.4788649082183838,2.9344584941864014,7.862980842590332,17.328824996948242,4.533390998840332,1.7144640684127808,2.955662488937378,7.306344509124756,-3.4467861652374268,-1.8028494119644165,-4.977231979370117,-12.522126197814941,-9.09426212310791,-13.883197784423828,8.80661678314209
352,16.980289459228516,12.11972713470459,18.883365631103516,21.062114715576172,18.016149520874023,13.594976425170898,6.512494087219238,8.637678146362305,14.091825485229492,-0.7007749080657959,6.2566914558410645,1.809781789779663,-9.574217796325684,-5.25840950012207,-13.668702125549316,7.615566253662109
353,13.192790031433105,10.689823150634766,10.498666763305664,14.089611053466797,12.055621147155762,5.734123706817627,4.783475875854492,3.156939744949341,19.22594451904297,7.96429443359375,17.405427932739258,18.98659896850586,5.947246074676514,-0.8664824962615967,-9.590063095092773,14.972663879394531
354,-1.5221993923187256,1.0949894189834595,-6.713302135467529,-5.677402496337891,0.31240904331207275,-6.562135219573975,1.6409789323806763,-6.232597827911377,2.75838041305542,4.232664108276367,1.0176376104354858,8.619808197021484,7.355678558349609,-5.393386363983154,-6.382185935974121,4.0591349601745605
355,-5.743548393249512,2.1685855388641357,-3.4654948711395264,-2.101834297180176,-2.0367519855499268,-2.641824960708618,1.9920397996902466,-4.635134696960449,-11.567654609680176,0.7062472105026245,-8.644391059875488,-2.136747121810913,2.323293924331665,-5.092647552490234,-2.4260928630828857,-5.817104339599609
356,16.43878173828125,13.0028076171875,17.386287689208984,18.918367385864258,20.67745590209961,13.570268630981445,5.663281440734863,7.608152389526367,3.983020067214966,-0.01939028687775135,9.309149742126465,10.737520217895508,5.1482367515563965,-1.246050477027893,2.987238883972168,11.464574813842773
357,1.5645408630371094,1.6699544191360474,1.504146695137024,-2.139432191848755,1.8497519493103027,-1.415953278541565,7.435205936431885,7.230798721313477,7.230032444000244,5.606574058532715,16.861465454101562,23.796110153198242,17.890851974487305,2.27250337600708,12.729331970214844,17.646953582763672
358,-13.320240020751953,-7.779676914215088,-10.73938274383545,-13.619077682495117,-9.8509521484375,-7.8485941886901855,5.97175931930542,2.962282657623291,-10.010796546936035,1.2969646453857422,0.5206008553504944,11.367975234985352,13.114673614501953,2.5863823890686035,14.638907432556152,0.6958112716674805
359,-5.940255165100098,-3.061825752258301,-4.054760932922363,-7.8361687660217285,-0.43720585107803345,1.7084380388259888,5.761537075042725,2.379150629043579,-5.64750337600708,-0.7656127214431763,-6.400894641876221,4.683257102966309,9.107132911682129,5.394026279449463,19.599227905273438,-3.257408857345581
360,-9.648154258728027,-10.451440811157227,-11.5380220413208,-17.32477378845215,-10.38402271270752,-4.093367099761963,0.5006645321846008,-3.781109094619751,-5.103259563446045,-1.5271081924438477,-3.668717384338379,-0.5711084008216858,4.799071311950684,4.317806720733643,17.911489486694336,-4.799711227416992
361,-5.3754658699035645,-14.503758430480957,-7.787230968475342,-13.325493812561035,-11.339947700500488,-0.4727199077606201,-2.3720171451568604,-3.086587905883789,-18.513673782348633,-2.290832042694092,-7.326632022857666,-11.712149620056152,-13.66784954071045,0.40124407410621643,2.2462267875671387,-19.892738342285156
362,-6.579275608062744,-13.241063117980957,-4.458494663238525,-12.924635887145996,-10.697381973266602,1.4829553365707397,-6.555205821990967,-1.2374927997589111,-3.9636592864990234,-0.41874513030052185,-1.5116037130355835,-8.035749435424805,-22.688751220703125,-0.9583070874214172,-6.92866849899292,-10.849409103393555
363,0.3879419267177582,1.4169727563858032,-0.02772355079650879,-5.545254230499268,-1.367034673690796,4.35825252532959,-6.812661170959473,1.880674958229065,10.706585884094238,-0.40424636006355286,4.705656051635742,-2.397878885269165,-18.957462310791016,-1.5971827507019043,-7.356498718261719,-2.3977599143981934
364,0.7946026921272278,2.1189074516296387,-1.4129137992858887,-3.672147035598755,-0.11378192156553268,0.5881132483482361,-12.200809478759766,-1.9310328960418701,-0.204246386885643,-2.02671480178833,-0.36670592427253723,-4.763468265533447,-18.35202407836914,-7.880352020263672,-10.55274486541748,-4.6222405433654785
365,-13.301860809326172,-8.726390838623047,-14.799239158630371,-17.48450469970703,-10.66235637664795,-14.213787078857422,-15.807270050048828,-9.932839393615723,0.8386350274085999,-4.418646335601807,-6.346233367919922,-7.111155033111572,-15.525131225585938,-11.889449119567871,-9.270904541015625,-1.4827265739440918
366,-29.02312469482422,-20.624629974365234,-25.871681213378906,-20.227909088134766,-14.258822441101074,-24.628665924072266,-19.32497787475586,-18.963462829589844,-9.452988624572754,-9.62504768371582,-18.30032730102539,-16.39252281188965,-12.060830116271973,-12.038216590881348,-5.568864822387695,-2.4308273792266846
367,-19.18695068359375,-19.229000091552734,-17.52381134033203,-11.521380424499512,-4.217229843139648,-18.872800827026367,-13.19376277923584,-12.892339706420898,-20.8187313079834,-10.159696578979492,-21.82040023803711,-19.448307037353516,-3.4901559352874756,-11.159250259399414,-1.042550802230835,1.1314313411712646
368,13.039246559143066,-4.2561936378479,6.908605098724365,9.111795425415039,16.473447799682617,6.752328395843506,1.4320131540298462,5.135741233825684,-1.0302683115005493,-0.7597266435623169,1.0182349681854248,-1.9791615009307861,8.280357360839844,2.2191457748413086,7.212615966796875,3.1696481704711914
369,0.10882817208766937,1.7214025259017944,4.040924072265625,6.818665027618408,2.544419050216675,5.534919738769531,8.069820404052734,11.835986137390137,4.628083229064941,2.0259008407592773,12.79996395111084,12.640856742858887,22.424427032470703,12.33673095703125,10.322476387023926,3.7180116176605225
370,-3.649441957473755,0.6112995147705078,4.30837345123291,5.767958641052246,-0.12091909348964691,6.959595680236816,6.533333778381348,10.38897705078125,7.426337718963623,4.332263946533203,13.201244354248047,11.713543891906738,21.906740188598633,11.659443855285645,7.663415431976318,3.8995180130004883
371,6.120068550109863,3.2066850662231445,5.347977638244629,7.478179931640625,3.5294134616851807,10.655332565307617,5.450104713439941,5.357268810272217,-0.07727136462926865,3.488524913787842,11.601049423217773,12.038676261901855,17.90233612060547,8.807307243347168,0.3219941258430481,-1.71469247341156
372,9.670805931091309,6.56989860534668,6.643749237060547,8.086567878723145,0.8633669018745422,9.767085075378418,6.500105381011963,1.9599549770355225,-0.561718761920929,2.328404188156128,5.895365238189697,8.356364250183105,7.835348129272461,6.662027835845947,-3.855868101119995,-2.190502882003784
373,12.582743644714355,19.099273681640625,14.524468421936035,12.86636734008789,1.5724421739578247,15.016385078430176,6.790393829345703,2.343181610107422,13.341471672058105,-1.1390973329544067,10.02091121673584,0.7350528836250305,-3.331447124481201,2.581001043319702,-10.15994930267334,-3.2357609272003174
374,-1.5440164804458618,5.979072093963623,0.5516091585159302,1.365904450416565,-7.985921382904053,-3.581589937210083,-2.6287739276885986,-6.6678338050842285,5.667459011077881,0.7847738862037659,2.5125701427459717,-8.479449272155762,-8.005060195922852,1.6817208528518677,-16.112295150756836,-6.9201250076293945
375,-1.5440164804458618,5.979072093963623,0.5516091585159302,1.365904450416565,-7.985921382904053,-3.581589937210083,-2.6287739276885986,-6.6678338050842285,5.667459011077881,0.7847738862037659,2.5125701427459717,-8.479449272155762,-8.005060195922852,1.6817208528518677,-16.112295150756836,-6.9201250076293945
376,2.470798969268799,1.533398151397705,4.338873386383057,5.79056453704834,7.16481876373291,-3.411585569381714,-0.9064300656318665,-6.122844219207764,-0.5699763894081116,-1.7488088607788086,-6.042562961578369,-15.474443435668945,-14.302251815795898,-3.175856351852417,-15.793795585632324,-5.298892498016357
377,5.164375305175781,2.7572624683380127,6.095125675201416,8.212770462036133,8.454985618591309,-2.7899622917175293,4.754044055938721,-2.3250043392181396,-6.494930267333984,0.3083706200122833,-6.347400188446045,-11.442283630371094,-5.1228132247924805,2.3105618953704834,-5.524936199188232,-1.2550026178359985
378,9.429203987121582,9.609027862548828,8.8860502243042,11.56392765045166,12.135496139526367,3.750795602798462,3.897799491882324,1.6886452436447144,-0.32146427035331726,0.6623566150665283,-4.829647064208984,-6.485998153686523,0.030378978699445724,6.440829277038574,1.8413288593292236,13.057600021362305
379,15.616719245910645,15.112703323364258,15.719986915588379,15.277226448059082,16.28260612487793,19.781095504760742,7.056286334991455,8.718398094177246,14.550867080688477,0.14786721765995026,6.760409355163574,7.825656414031982,6.4104719161987305,4.1168107986450195,6.9870758056640625,23.505578994750977
380,-6.810700416564941,-16.48970603942871,-8.355588912963867,-8.097196578979492,-7.971123695373535,-11.275940895080566,1.4314477443695068,-0.03425385430455208,-0.699013888835907,-2.6402640342712402,-4.343196868896484,3.9766347408294678,7.533275127410889,5.598855495452881,11.586982727050781,-3.366879940032959
381,-5.150110244750977,-15.46890926361084,-9.718887329101562,-12.596100807189941,-11.828631401062012,-11.04723834991455,-3.8458619117736816,-3.462280035018921,-10.174613952636719,-5.753068447113037,-9.302081108093262,-3.4276881217956543,-2.8696680068969727,-1.450203537940979,6.859166622161865,-8.560845375061035
382,1.5560680627822876,5.490121841430664,5.6833577156066895,-0.15966524183750153,-2.9749207496643066,4.486639022827148,1.392777442932129,8.24096965789795,-10.358125686645508,-0.3905321955680847,-0.009157265536487103,2.05904221534729,-3.0985240936279297,-1.5479793548583984,4.773316383361816,-3.463820219039917
383,0.3419232666492462,4.876871585845947,2.1433584690093994,1.3450344800949097,8.223843574523926,1.0566996335983276,1.7437825202941895,10.321520805358887,8.312994956970215,7.150482654571533,13.389084815979004,13.546744346618652,9.078189849853516,7.874354362487793,13.939987182617188,5.479758262634277
384,3.654444932937622,1.3593047857284546,-0.3938116133213043,3.5023112297058105,7.218320846557617,-1.729755163192749,2.022064685821533,5.182204723358154,-7.211837291717529,5.706636428833008,-0.2034095674753189,6.399326324462891,7.110696792602539,3.686969757080078,14.405170440673828,5.238341808319092
385,3.5433528423309326,0.8401769995689392,-1.9176186323165894,-2.440091133117676,-6.708853721618652,-6.933854103088379,-5.70644998550415,-6.269875526428223,-5.111329555511475,2.5427591800689697,-4.406357288360596,-1.1275914907455444,-3.438494920730591,-7.167442321777344,0.8477562665939331,0.5646693706512451
386,-6.907617092132568,-13.232673645019531,-19.502822875976562,-22.372142791748047,-19.26485252380371,-24.224899291992188,-14.797584533691406,-17.445430755615234,10.642895698547363,-1.9888893365859985,-4.755450248718262,-6.345094203948975,-9.953788757324219,-15.811241149902344,-12.963189125061035,-5.186934471130371
387,2.3057823181152344,-6.117105960845947,-9.496223449707031,-11.424537658691406,-9.619895935058594,-11.294878959655762,-11.909897804260254,-15.030598640441895,-4.262514114379883,-5.930852890014648,-11.24853515625,-15.009234428405762,-18.72700309753418,-20.154674530029297,-16.884490966796875,-15.040348052978516
388,-2.599411964416504,5.194176197052002,-2.738917589187622,-6.865903854370117,-11.824959754943848,0.9622752666473389,-4.953423976898193,-8.022726058959961,-0.9367976188659668,-3.1464972496032715,1.4026678800582886,-4.051538944244385,-11.056059837341309,-12.675898551940918,-7.106412887573242,-9.993919372558594
389,-17.38966941833496,-14.36587905883789,-18.3244571685791,-18.789030075073242,-21.784189224243164,-11.497446060180664,-9.595650672912598,-14.103373527526855,-10.235918998718262,-3.726994752883911,-7.588411331176758,-4.531877040863037,-5.937509536743164,-6.606403350830078,-2.463590383529663,-14.811944961547852
390,0.6638780236244202,-0.9930111169815063,1.1045119762420654,3.4222748279571533,1.400627851486206,2.2624168395996094,-5.296983242034912,-5.595105171203613,-10.677070617675781,-6.6667561531066895,-10.40805721282959,-12.48588752746582,-8.407936096191406,-7.640993595123291,-3.1465320587158203,-12.75149154663086
391,11.15213680267334,9.065756797790527,19.0269775390625,18.780967712402344,14.557604789733887,17.50151824951172,3.306365489959717,7.129981517791748,12.259651184082031,-1.1725152730941772,6.034881591796875,0.6865460872650146,5.574429512023926,-0.1543145328760147,3.1895194053649902,8.536433219909668
392,-1.009762167930603,4.6456780433654785,6.413633346557617,6.257802486419678,8.689297676086426,6.562338829040527,5.432986736297607,7.367987632751465,0.9857040047645569,2.777169704437256,4.081164836883545,8.803197860717773,21.651721954345703,11.351621627807617,8.885651588439941,12.836685180664062
393,5.212828636169434,11.798751831054688,10.236865043640137,10.41125774383545,10.02077579498291,12.992932319641113,4.209939002990723,11.715683937072754,-2.339268922805786,5.232009410858154,6.56198263168335,4.1884636878967285,18.519939422607422,14.616609573364258,9.200913429260254,11.569561958312988
394,1.743202567100525,1.7007805109024048,4.9557037353515625,3.8319668769836426,0.4896446168422699,6.059363842010498,3.8340072631835938,7.612274646759033,0.07005274295806885,0.547754168510437,2.6655118465423584,0.7647073864936829,14.97568416595459,9.327981948852539,3.0452277660369873,-2.66349458694458
395,1.4071770906448364,-0.4659481644630432,5.485157012939453,7.302194118499756,0.0702672004699707,3.025193452835083,3.233177423477173,2.7054219245910645,-1.1396335363388062,0.14063012599945068,-1.0598794221878052,-4.057600975036621,-0.048002731055021286,4.105245113372803,-5.98930025100708,-4.901078224182129
396,15.027811050415039,12.545344352722168,15.282256126403809,15.525704383850098,4.211261749267578,13.590752601623535,5.722661972045898,5.785399913787842,7.230703353881836,3.838512897491455,6.655020236968994,0.38959842920303345,-8.672131538391113,3.1649317741394043,-8.445260047912598,1.814680814743042
397,-4.344017028808594,2.5806541442871094,1.4552628993988037,-3.386354684829712,-0.07549575716257095,-1.6589345932006836,5.253002166748047,-0.6801303625106812,1.8816959857940674,6.17345666885376,2.4106640815734863,2.4435055255889893,-6.257331371307373,3.4946932792663574,-3.9603874683380127,-3.2686219215393066
398,-9.584187507629395,9.705967903137207,4.756167411804199,1.8834278583526611,6.964189052581787,1.407501459121704,7.030562877655029,-1.170060634613037,-5.299139022827148,1.5197837352752686,-2.7518398761749268,-2.7180991172790527,-7.563587665557861,-3.6535778045654297,-3.7023050785064697,-0.1691577285528183
399,6.456479072570801,16.366182327270508,12.504480361938477,15.490707397460938,8.710630416870117,8.285505294799805,11.648659706115723,0.1024458035826683,-2.6382837295532227,4.164876461029053,1.9534715414047241,0.7163152098655701,-2.8428213596343994,0.8207931518554688,1.5878992080688477,1.5841319561004639
400,3.931467056274414,13.869325637817383,7.2907328605651855,11.544344902038574,1.9223620891571045,-0.9348028898239136,13.532190322875977,0.31826886534690857,1.7983702421188354,0.9044494032859802,0.9810298085212708,-0.8330572843551636,-5.030406951904297,6.513304710388184,3.3423774242401123,0.7346295714378357
401,8.935298919677734,13.367857933044434,10.049059867858887,13.65186595916748,4.421010494232178,6.790926933288574,11.664739608764648,5.691777229309082,1.2221370935440063,2.2920830249786377,-0.2999001145362854,-0.5611445903778076,-4.748237609863281,8.464383125305176,5.339908123016357,0.10023602098226547
402,21.34185791015625,20.59358024597168,22.93987274169922,23.801319122314453,22.214447021484375,26.177444458007812,10.325181007385254,13.701460838317871,9.959080696105957,3.699481725692749,12.911409378051758,11.266356468200684,-6.1861891746521,8.567886352539062,6.305150508880615,10.651850700378418
403,17.807411193847656,21.544269561767578,21.203168869018555,21.182476043701172,22.33926010131836,20.5582218170166,13.364119529724121,17.02215003967285,24.59524154663086,7.647688388824463,23.2105655670166,26.270706176757812,7.973478317260742,14.330826759338379,9.380836486816406,18.411378860473633
404,8.376548767089844,12.844045639038086,9.011157035827637,8.466961860656738,11.770962715148926,5.445105075836182,14.315321922302246,11.855592727661133,12.544350624084473,7.473471641540527,18.9864501953125,22.83458137512207,20.459041595458984,17.573657989501953,10.245141983032227,15.554372787475586
405,8.376548767089844,12.844045639038086,9.011157035827637,8.466961860656738,11.770962715148926,5.445105075836182,14.315321922302246,11.855592727661133,12.544350624084473,7.473471641540527,18.9864501953125,22.83458137512207,20.459041595458984,17.573657989501953,10.245141983032227,15.554372787475586
406,6.0227460861206055,14.838828086853027,10.29980182647705,6.139614105224609,19.32477569580078,10.932595252990723,13.574955940246582,11.355146408081055,-9.40758228302002,7.831817626953125,7.276976585388184,11.510146141052246,22.553455352783203,18.315317153930664,11.797168731689453,8.75032901763916
407,11.85932731628418,6.285237789154053,7.301759243011475,5.708709716796875,14.757423400878906,9.776412963867188,4.814948081970215,10.371511459350586,6.292682647705078,8.676322937011719,16.5903377532959,17.79939079284668,21.189577102661133,13.030816078186035,9.279738426208496,15.802047729492188
408,11.50006103515625,7.815288543701172,5.434669017791748,5.28446626663208,11.25708293914795,10.610800743103027,3.7350008487701416,9.555389404296875,24.469318389892578,15.295416831970215,28.65517234802246,24.300146102905273,18.054349899291992,7.107828617095947,6.8714752197265625,29.08828353881836
409,-8.57955551147461,-0.7708845138549805,-2.1345574855804443,-3.9282917976379395,10.611573219299316,3.964263677597046,-0.647980809211731,-1.513117790222168,5.906040668487549,10.321599006652832,7.644887924194336,6.197883129119873,9.14377498626709,-3.6990020275115967,1.008880853652954,19.45250701904297
410,-2.312013626098633,-10.428256034851074,-4.56974983215332,-6.63731050491333,-0.7756384611129761,0.3658665120601654,-3.5810248851776123,-6.411247253417969,-4.44028377532959,2.451117515563965,-0.015707433223724365,-6.679310321807861,-3.969928026199341,-8.367385864257812,-4.74898624420166,11.57992172241211
411,-1.7395843267440796,-13.85657787322998,-6.133177280426025,-8.258974075317383,-12.331892967224121,-1.3861984014511108,-1.570448398590088,-5.350433349609375,-3.2535905838012695,0.31207191944122314,2.026820182800293,-12.762344360351562,-13.288715362548828,-1.5602898597717285,-6.050533294677734,3.326112985610962
412,-24.58173179626465,-33.58953094482422,-25.913572311401367,-27.17869758605957,-22.922534942626953,-25.811248779296875,-5.772953510284424,-16.78268051147461,-19.656604766845703,-9.92920207977295,-21.34712028503418,-28.828697204589844,-22.081762313842773,-6.49037504196167,-8.899276733398438,-12.473994255065918
413,-13.717947959899902,-34.69337463378906,-23.35984230041504,-26.067703247070312,-18.787097930908203,-20.842653274536133,-12.654011726379395,-21.319414138793945,-13.951842308044434,-14.88718318939209,-26.18876838684082,-33.06760025024414,-33.23904037475586,-10.799266815185547,-9.699092864990234,-17.258041381835938
414,-9.202393531799316,-25.41149139404297,-15.748921394348145,-20.84050941467285,-9.877169609069824,-11.16883373260498,-13.976598739624023,-14.776100158691406,5.445381164550781,-12.049179077148438,-13.44413948059082,-21.984073638916016,-28.99871063232422,-9.841371536254883,-10.167654037475586,-7.796059608459473
415,-3.3141210079193115,-14.354316711425781,-6.654766082763672,-12.33050537109375,-7.892675876617432,-1.5880261659622192,-8.078780174255371,-2.9835898876190186,-4.491959095001221,-10.498950958251953,-13.497511863708496,-14.939595222473145,-7.823582172393799,-6.600979804992676,-4.8353095054626465,-18.62891387939453
416,-10.21483039855957,-17.22279930114746,-13.697269439697266,-17.965150833129883,-10.77501106262207,-7.7992706298828125,-9.406728744506836,-2.1140973567962646,-2.2708966732025146,-0.7165648341178894,-6.922198295593262,-0.85617595911026,10.142394065856934,0.45685189962387085,4.310678482055664,-9.013440132141113
417,-7.853080749511719,-11.749967575073242,-18.35886573791504,-23.15524673461914,-28.278146743774414,-14.31178092956543,-7.093814849853516,-2.7331507205963135,-7.988866806030273,-1.3435007333755493,-10.78514289855957,-4.820214748382568,16.619964599609375,1.360498309135437,5.947253704071045,-17.58846664428711
418,1.0702927112579346,3.6736934185028076,-0.29130345582962036,-2.1463000774383545,-16.407470703125,2.3588500022888184,-1.389504075050354,5.459695816040039,-6.541398048400879,0.6807230710983276,-7.548721790313721,-2.3722786903381348,13.413241386413574,4.804690837860107,5.598124027252197,-15.261961936950684
419,9.804162979125977,17.877731323242188,14.628888130187988,17.10961151123047,6.565903663635254,12.256278991699219,1.9684901237487793,12.296809196472168,-3.6762821674346924,-0.5429941415786743,-7.070785999298096,6.027808666229248,10.303547859191895,-1.4044889211654663,2.21435809135437,-4.28394889831543
420,11.86949634552002,25.75953483581543,21.303850173950195,25.748498916625977,20.76047134399414,10.555059432983398,7.602552890777588,13.58816146850586,10.416862487792969,2.273109197616577,5.137776851654053,14.643570899963379,6.785248756408691,-4.526963233947754,2.349296808242798,9.257680892944336
421,0.5817623734474182,16.88020133972168,10.681514739990234,13.843505859375,6.794292449951172,-1.136293888092041,7.953403472900391,6.671489238739014,-0.09075639396905899,-0.560137927532196,-0.2100691944360733,11.6041259765625,3.398944139480591,-6.219322681427002,-0.002084903884679079,12.206936836242676
422,7.866029262542725,13.219924926757812,7.825637340545654,11.777420043945312,4.473820686340332,-3.3079121112823486,4.197442531585693,3.461304187774658,-2.5880320072174072,0.7720360159873962,-2.09590744972229,5.355777263641357,5.103068828582764,-8.25146198272705,2.473592758178711,1.139717698097229
423,0.6530041098594666,10.265583038330078,4.323901653289795,9.37891960144043,8.44013786315918,-4.124537944793701,0.35468313097953796,-0.14431370794773102,16.236061096191406,-1.2056267261505127,2.729250431060791,5.251106262207031,6.150311470031738,-7.15134859085083,2.7816076278686523,1.9142128229141235
424,-7.3633270263671875,-0.5157899856567383,-5.691100120544434,-3.4539239406585693,-3.449798107147217,-3.4207639694213867,-3.7773706912994385,-4.65991735458374,-0.6718494892120361,-2.1727161407470703,-6.6631269454956055,-0.8541201949119568,6.009312152862549,-3.9768729209899902,1.0472294092178345,0.012554941698908806
425,-15.814027786254883,-15.855319023132324,-22.528146743774414,-19.684799194335938,-10.381105422973633,-19.82668113708496,-6.8081231117248535,-6.9510297775268555,-5.213594913482666,-2.030203342437744,-4.124024391174316,3.070343494415283,0.4793781340122223,-0.9140241742134094,-0.3451246917247772,-2.8489158153533936
426,1.1851390600204468,1.919295072555542,0.6288103461265564,3.484539747238159,-0.8040768504142761,2.0926783084869385,0.032116856426000595,2.7764720916748047,-7.168769359588623,5.426927089691162,5.498106002807617,7.709195613861084,-3.0961716175079346,2.2262792587280273,2.4099156856536865,-3.738682508468628
427,-2.225560426712036,2.6290581226348877,0.3971928358078003,4.450545310974121,-2.895354986190796,-1.5788568258285522,-0.6796702146530151,1.4088250398635864,-9.425396919250488,8.929497718811035,9.168153762817383,11.41796588897705,2.6803338527679443,0.5480040907859802,1.5650440454483032,-1.6757020950317383
428,-12.17098331451416,2.0083088874816895,-3.090510368347168,1.8600833415985107,-6.765937805175781,-5.8773932456970215,-2.9415266513824463,-1.9248595237731934,-10.502036094665527,7.382165908813477,4.448009014129639,2.3229665756225586,5.3015923500061035,-1.3940092325210571,-0.8032991290092468,-6.579954147338867
429,-15.12763500213623,-4.309395790100098,-1.3073850870132446,4.782923698425293,-2.3605475425720215,-4.148446083068848,-7.684370517730713,-6.095487594604492,-11.092400550842285,2.3596293926239014,-6.397478103637695,-8.756022453308105,-3.427358388900757,2.070946216583252,-3.4742789268493652,-12.067964553833008
430,-15.12763500213623,-4.309395790100098,-1.3073850870132446,4.782923698425293,-2.3605475425720215,-4.148446083068848,-7.684370517730713,-6.095487594604492,-11.092400550842285,2.3596293926239014,-6.397478103637695,-8.756022453308105,-3.427358388900757,2.070946216583252,-3.4742789268493652,-12.067964553833008
431,2.1624739170074463,2.7896997928619385,2.9627068042755127,7.1425461769104,2.9712178707122803,-0.22216986119747162,-7.651540756225586,-5.401149749755859,-3.4678006172180176,2.8464338779449463,-1.29245126247406,-5.254050254821777,-9.901716232299805,-0.35441622138023376,-7.0701704025268555,0.37405288219451904
432,12.954092979431152,7.642463684082031,7.369149208068848,9.03464412689209,9.656942367553711,6.429242134094238,-6.2347092628479,-3.3191933631896973,10.673529624938965,-1.6283812522888184,9.32941722869873,1.039656162261963,-8.600626945495605,-4.715381145477295,-10.156253814697266,10.153665542602539
433,-16.26390266418457,-11.983891487121582,-13.946045875549316,-11.878765106201172,-4.518726825714111,-10.825973510742188,-5.551332473754883,-9.364992141723633,-4.785119533538818,-8.216886520385742,-3.869907855987549,-2.8720765113830566,-8.92480182647705,-5.785348415374756,-9.957560539245605,-0.5034322738647461
434,-9.345053672790527,-12.606380462646484,-10.045722961425781,-9.943817138671875,-7.809408664703369,-4.6693291664123535,-3.683361768722534,-6.106659412384033,-11.031436920166016,-8.222640991210938,-7.766319751739502,-7.562196254730225,-13.51614761352539,-1.1866660118103027,-5.1883955001831055,-12.959610939025879
435,7.8691020011901855,-6.591792583465576,-4.3165059089660645,-5.88104772567749,1.1603708267211914,3.445319175720215,-4.140024185180664,0.8893604278564453,3.3899731636047363,-1.1898934841156006,4.676205158233643,8.238807678222656,0.3695545196533203,-0.5402201414108276,4.242580890655518,7.160609245300293
436,6.6779303550720215,-8.48402214050293,-0.24099119007587433,-0.5865444540977478,1.2569671869277954,4.727652072906494,4.242659568786621,7.724545001983643,3.877176284790039,1.9652479887008667,6.305020809173584,11.247529983520508,15.214106559753418,7.691628932952881,6.705942630767822,7.028999328613281
437,-11.134345054626465,-20.613601684570312,-13.02894401550293,-16.200437545776367,-8.934578895568848,-5.104434490203857,3.1220202445983887,1.2291899919509888,-1.497947335243225,3.3825647830963135,-0.3644051253795624,9.864078521728516,13.679312705993652,6.50942325592041,4.1322407722473145,1.6835800409317017
438,-7.990066051483154,-12.913274765014648,-11.733057022094727,-19.370338439941406,-14.71125316619873,-3.2938292026519775,0.9752812385559082,-0.7903940081596375,-5.817370414733887,2.3466176986694336,-6.673585414886475,0.950503945350647,4.723552703857422,-0.25757548213005066,-1.9285417795181274,-12.68510627746582
439,3.8066492080688477,-6.108819961547852,-0.7883340120315552,-4.76118803024292,2.1206774711608887,4.370201110839844,-1.2155866622924805,2.1163346767425537,7.436553001403809,4.87483024597168,4.2923455238342285,6.3349928855896,-3.7377264499664307,-4.148301601409912,-3.721538543701172,0.2048540562391281
440,-7.990066051483154,-12.913274765014648,-11.733057022094727,-19.370338439941406,-14.71125316619873,-3.2938292026519775,0.9752812385559082,-0.7903940081596375,-5.817370414733887,2.3466176986694336,-6.673585414886475,0.950503945350647,4.723552703857422,-0.25757548213005066,-1.9285417795181274,-12.68510627746582
441,3.8066492080688477,-6.108819961547852,-0.7883340120315552,-4.76118803024292,2.1206774711608887,4.370201110839844,-1.2155866622924805,2.1163346767425537,7.436553001403809,4.87483024597168,4.2923455238342285,6.3349928855896,-3.7377264499664307,-4.148301601409912,-3.721538543701172,0.2048540562391281
442,-8.47089672088623,-13.447956085205078,-16.80622673034668,-20.527793884277344,-3.429779291152954,-9.701398849487305,-8.526918411254883,-4.970768928527832,-2.2164857387542725,0.4091227352619171,-3.7733170986175537,10.581472396850586,-7.5281195640563965,-10.30409049987793,-6.164278507232666,-3.1395721435546875
443,-10.966114044189453,-14.766233444213867,-17.84759521484375,-22.212345123291016,-13.302897453308105,-12.302848815917969,-13.496820449829102,-9.51003646850586,-8.914985656738281,-4.052280902862549,-16.050640106201172,-3.8064258098602295,-10.838424682617188,-11.5348539352417,-8.053685188293457,-13.194357872009277
444,4.542290687561035,-0.47208255529403687,-1.5805132389068604,-0.523162841796875,0.2995302081108093,-4.2208452224731445,-9.539498329162598,-8.644673347473145,-0.5030476450920105,-11.466511726379395,-11.593069076538086,-12.267899513244629,-6.514786243438721,-14.042778015136719,-7.158685207366943,-1.5813233852386475
445,4.542290687561035,-0.47208255529403687,-1.5805132389068604,-0.523162841796875,0.2995302081108093,-4.2208452224731445,-9.539498329162598,-8.644673347473145,-0.5030476450920105,-11.466511726379395,-11.593069076538086,-12.267899513244629,-6.514786243438721,-14.042778015136719,-7.158685207366943,-1.5813233852386475
446,-6.087303161621094,2.153245687484741,-4.2698259353637695,-3.773223638534546,-1.2331784963607788,-9.751981735229492,-5.76915979385376,-12.348400115966797,-1.467908501625061,-7.42160177230835,-10.918109893798828,-12.324722290039062,0.7050790786743164,-7.999118328094482,-1.9910765886306763,7.153984069824219
447,-18.25902557373047,-4.1623029708862305,-11.460762023925781,-15.374662399291992,-16.732473373413086,-13.645240783691406,-4.523403167724609,-14.818148612976074,-6.748457908630371,-4.868963241577148,-14.488006591796875,-18.56178092956543,-5.421530246734619,-4.918261528015137,-1.238175392150879,-0.17647334933280945
448,-5.526637077331543,-12.73645305633545,-14.342934608459473,-14.744019508361816,-17.711538314819336,-18.599836349487305,-3.4330241680145264,-15.377252578735352,-15.005542755126953,-3.7988955974578857,-19.062410354614258,-23.67772674560547,-4.261075019836426,-1.6259688138961792,3.61268949508667,-18.0772647857666
449,-6.010029315948486,-6.4550275802612305,-8.176315307617188,-7.316862106323242,-12.08631706237793,-14.679150581359863,-5.355550765991211,-12.518318176269531,-11.294694900512695,-5.724570274353027,-14.708964347839355,-23.639822006225586,-7.695406913757324,1.1476707458496094,2.9339094161987305,-14.59947395324707
450,-0.46314430236816406,8.801361083984375,4.856570720672607,4.236114978790283,2.0239789485931396,1.5201696157455444,-2.707235813140869,-3.169461965560913,3.914611577987671,-2.0523016452789307,-1.574480414390564,-13.308577537536621,-8.078816413879395,-3.206350326538086,0.32457128167152405,-2.0294225215911865
451,5.556278705596924,9.27138900756836,4.834098815917969,5.110574245452881,5.532861709594727,1.266209602355957,-0.8568453788757324,-0.30320319533348083,2.807054281234741,-1.7775375843048096,0.47316667437553406,-3.2462050914764404,2.166511058807373,-0.981792151927948,1.5072942972183228,-3.954451322555542
452,3.434809446334839,7.6875152587890625,7.90437650680542,7.866471290588379,0.3924877941608429,4.705744743347168,-1.0154577493667603,2.818594455718994,-0.10467115044593811,0.5148128867149353,4.618925094604492,2.2952253818511963,8.591151237487793,5.0022358894348145,4.290467262268066,2.1505043506622314
453,8.943782806396484,10.21409797668457,15.712713241577148,15.378422737121582,8.620471954345703,13.063426971435547,2.662734031677246,9.094314575195312,8.741653442382812,0.5554155707359314,9.908373832702637,4.194309711456299,7.172064781188965,0.5123571753501892,4.547826766967773,14.466287612915039
454,3.159147024154663,9.654949188232422,12.882759094238281,14.453311920166016,8.363903045654297,10.16706371307373,9.30239200592041,9.288908004760742,1.3331948518753052,1.6530706882476807,-0.7978082895278931,1.3305275440216064,13.407483100891113,5.745485782623291,7.701145172119141,7.920028209686279
455,0.17773403227329254,3.8490591049194336,-2.9132633209228516,-4.876823902130127,-8.147168159484863,-0.7172001600265503,-0.44290825724601746,-1.6230157613754272,9.34568977355957,4.5532684326171875,5.571972846984863,3.535712957382202,-2.5817317962646484,-0.6170692443847656,-4.878913402557373,0.3656598627567291
456,-2.2839276790618896,4.306300640106201,0.0022995369508862495,-0.7618046402931213,-5.654298305511475,0.4133301377296448,-3.0231971740722656,-1.7351555824279785,-2.7377045154571533,1.058458685874939,-1.4251399040222168,-2.518758773803711,-7.10872745513916,-7.519266128540039,-9.459959030151367,-10.78593635559082
457,1.5981181859970093,5.410635471343994,7.108903408050537,11.523612022399902,2.3250651359558105,1.6267406940460205,-0.3226716220378876,2.1557929515838623,1.8078821897506714,2.1076884269714355,7.160518646240234,4.652080059051514,-7.409072399139404,-1.8861526250839233,-6.2445878982543945,-5.870484828948975
458,-10.015859603881836,-4.233865261077881,-9.946195602416992,-4.274903297424316,-11.673223495483398,-12.914897918701172,-5.912960529327393,-7.095058917999268,-1.997839093208313,1.9556584358215332,-0.2818002998828888,1.3022699356079102,-3.6091837882995605,-0.9903104901313782,-5.671658992767334,0.17165030539035797
459,-9.4749174118042,-7.3065266609191895,-5.537664413452148,4.245638370513916,-0.695435106754303,-7.5233917236328125,-6.314182281494141,-7.103429794311523,-10.4048433303833,-1.4880902767181396,-15.79643440246582,-11.35373592376709,-9.27244758605957,-6.768599987030029,-7.957942008972168,-10.677245140075684
460,1.5981181859970093,5.410635471343994,7.108903408050537,11.523612022399902,2.3250651359558105,1.6267406940460205,-0.3226716220378876,2.1557929515838623,1.8078821897506714,2.1076884269714355,7.160518646240234,4.652080059051514,-7.409072399139404,-1.8861526250839233,-6.2445878982543945,-5.870484828948975
461,-10.015859603881836,-4.233865261077881,-9.946195602416992,-4.274903297424316,-11.673223495483398,-12.914897918701172,-5.912960529327393,-7.095058917999268,-1.997839093208313,1.9556584358215332,-0.2818002998828888,1.3022699356079102,-3.6091837882995605,-0.9903104901313782,-5.671658992767334,0.17165030539035797
462,-9.4749174118042,-7.3065266609191895,-5.537664413452148,4.245638370513916,-0.695435106754303,-7.5233917236328125,-6.314182281494141,-7.103429794311523,-10.4048433303833,-1.4880902767181396,-15.79643440246582,-11.35373592376709,-9.27244758605957,-6.768599987030029,-7.957942008972168,-10.677245140075684
463,-1.4327850341796875,3.910027027130127,7.199221611022949,17.99803352355957,12.4070463180542,3.3903768062591553,5.348522186279297,6.80991792678833,-5.495649337768555,-2.353651523590088,-3.042382001876831,1.7395111322402954,3.4768788814544678,-0.6484122276306152,-1.264551043510437,0.7305178046226501
464,1.134429693222046,3.7848145961761475,6.93855619430542,13.069255828857422,13.520030975341797,5.853983402252197,6.026182651519775,7.381593704223633,0.9961048364639282,-1.9136053323745728,3.5746266841888428,6.90796422958374,12.443108558654785,6.054373741149902,3.786787986755371,6.65496826171875
465,-1.0647902488708496,-5.406495094299316,-2.0182275772094727,-0.29388028383255005,0.9064617156982422,-6.343821048736572,-0.491081565618515,3.2350950241088867,4.151237487792969,0.7125992774963379,9.049066543579102,8.146759033203125,8.080740928649902,3.7233781814575195,4.485134601593018,12.009010314941406
466,1.8110506534576416,4.104377746582031,-1.476753830909729,-0.753748893737793,-0.0708361566066742,-3.1617586612701416,-0.0766407772898674,1.2110868692398071,9.47414779663086,-1.5899807214736938,3.505413770675659,0.08393354713916779,-0.2227378934621811,-3.1986234188079834,1.389497995376587,0.5399498343467712
467,13.18181324005127,8.501425743103027,7.130923271179199,6.960122585296631,1.8242357969284058,5.85089635848999,2.982012987136841,5.899518966674805,0.888830840587616,0.8326206803321838,2.5371270179748535,-0.3118574321269989,1.5546897649765015,-2.92861008644104,-2.9007675647735596,-6.967278003692627
468,4.597123146057129,-0.694783627986908,-2.8552467823028564,-7.667716979980469,-5.966305255889893,-0.8547102808952332,2.2488436698913574,1.4486737251281738,-1.4412379264831543,4.183210849761963,10.190820693969727,9.89848518371582,1.6568732261657715,-0.5977660417556763,-5.339295387268066,-1.4749423265457153
469,10.481972694396973,8.58499813079834,11.161477088928223,6.200322151184082,10.18039608001709,13.765347480773926,8.36096477508545,7.590270519256592,8.532760620117188,8.2689790725708,13.455116271972656,12.37614631652832,-2.103259801864624,-1.2708405256271362,-3.2527928352355957,-2.2783665657043457
470,5.132543087005615,8.772692680358887,12.354541778564453,10.07237434387207,7.8437628746032715,11.223064422607422,12.94356632232666,9.32228946685791,11.361968994140625,6.314054489135742,12.324810981750488,14.727652549743652,5.829098701477051,4.495562553405762,1.5302129983901978,2.542292594909668
471,-4.016368865966797,9.077644348144531,7.585165023803711,6.143937110900879,7.233939170837402,7.497407913208008,14.074481010437012,7.56261682510376,0.13873547315597534,5.111109733581543,3.315037488937378,10.3820161819458,9.551072120666504,15.421789169311523,10.184333801269531,11.38879680633545
472,-5.554744243621826,11.59613037109375,11.660162925720215,9.756952285766602,16.645238876342773,8.74022388458252,14.2528076171875,9.293144226074219,-6.133168697357178,0.07799509167671204,-1.1249339580535889,1.2160305976867676,3.637146234512329,15.252657890319824,13.064516067504883,10.715529441833496
473,-7.008187770843506,3.1880500316619873,5.302728176116943,0.6592135429382324,4.302489280700684,-0.46265241503715515,13.460136413574219,5.445247650146484,-7.021603107452393,-1.1946014165878296,-0.7339881658554077,1.3475781679153442,9.07239055633545,15.122187614440918,15.102295875549316,9.248156547546387
474,1.0918645858764648,1.5003186464309692,7.778520107269287,2.9987144470214844,4.896927356719971,3.7033817768096924,10.309149742126465,7.23701810836792,-8.978097915649414,-4.3181352615356445,-1.7810337543487549,-2.7045466899871826,8.820852279663086,11.34457015991211,12.327949523925781,2.579477071762085
475,8.289780616760254,8.429594993591309,12.6957368850708,10.79980754852295,7.562973976135254,9.674476623535156,7.927710056304932,8.445504188537598,-4.442814350128174,-0.16610175371170044,-2.333596706390381,0.2700188159942627,9.272531509399414,7.617773532867432,8.911412239074707,-3.15116548538208
476,18.68509292602539,22.30276107788086,21.03443717956543,19.61345100402832,12.561600685119629,19.858844757080078,8.654203414916992,9.429553031921387,14.713302612304688,6.3779296875,15.37022590637207,9.078999519348145,7.939731121063232,6.820623397827148,5.744845867156982,9.59758472442627
477,8.20876407623291,12.646408081054688,8.225303649902344,4.694890975952148,1.181892991065979,6.397034168243408,6.753915309906006,4.446206569671631,11.152647018432617,10.869389533996582,18.173322677612305,10.434300422668457,9.060737609863281,7.33958101272583,6.227090358734131,7.978612899780273
478,8.311623573303223,1.954445481300354,3.133862018585205,-0.5037468075752258,-3.958136796951294,-2.4531729221343994,-1.1575419902801514,-2.5581371784210205,-0.8472635746002197,5.888699054718018,2.159780740737915,0.061501581221818924,1.2748979330062866,3.3742384910583496,4.008629322052002,-3.353252410888672
479,19.77407455444336,12.787629127502441,11.20961856842041,8.12686538696289,3.9076619148254395,7.727678298950195,-0.41505560278892517,1.9642964601516724,9.21544075012207,4.515920639038086,8.773072242736816,0.014960150234401226,0.3606529235839844,-2.560938596725464,1.2922295331954956,-3.3352811336517334
480,7.501380920410156,6.598920822143555,5.159911155700684,3.7922282218933105,0.9190732836723328,5.9305291175842285,-2.2767679691314697,0.19529543817043304,5.06736946105957,5.65175199508667,8.441871643066406,4.650253772735596,8.190093994140625,-5.131898880004883,-1.0453602075576782,-5.376784324645996
481,12.245074272155762,14.50674819946289,18.031713485717773,19.71790313720703,17.9974365234375,16.763824462890625,3.832784652709961,7.249711513519287,15.605209350585938,2.6109652519226074,10.363842964172363,7.150943279266357,7.799704551696777,-1.8102201223373413,0.8683744668960571,12.405271530151367
482,13.032983779907227,8.160504341125488,9.903115272521973,13.106163024902344,10.584672927856445,9.473031997680664,7.809162616729736,7.587776184082031,20.01812744140625,0.15558737516403198,11.657552719116211,9.672256469726562,7.413493633270264,1.314400315284729,6.9514689445495605,21.273014068603516
483,-6.6724772453308105,-8.462250709533691,-8.541932106018066,-3.8399527072906494,-6.647365093231201,-9.868549346923828,0.7547741532325745,-1.4087169170379639,-14.643345832824707,-5.093897342681885,-13.135939598083496,-4.246089935302734,2.2755792140960693,-2.562534809112549,7.324954509735107,-0.4390347898006439
484,1.9017727375030518,-0.01820620521903038,5.434607028961182,11.43679428100586,8.765283584594727,4.523275375366211,-3.6007423400878906,-0.3304915130138397,-7.363969802856445,-5.543553352355957,-7.54904842376709,-6.2017693519592285,-6.177735805511475,-1.8891199827194214,6.573649883270264,0.38752880692481995
485,1.9017727375030518,-0.01820620521903038,5.434607028961182,11.43679428100586,8.765283584594727,4.523275375366211,-3.6007423400878906,-0.3304915130138397,-7.363969802856445,-5.543553352355957,-7.54904842376709,-6.2017693519592285,-6.177735805511475,-1.8891199827194214,6.573649883270264,0.38752880692481995
486,-1.0257844924926758,-0.6524776220321655,-3.457603693008423,-1.960640788078308,-3.5285556316375732,-1.3538758754730225,-2.486707925796509,-2.247783899307251,4.108360290527344,-1.4067838191986084,7.407165050506592,7.045821189880371,2.817286252975464,1.2956407070159912,3.2452876567840576,5.0690460205078125
487,-21.15547752380371,-20.838727951049805,-22.92413902282715,-21.487913131713867,-23.478090286254883,-21.191600799560547,-11.940217018127441,-14.381269454956055,-12.889988899230957,1.633201241493225,-7.5993218421936035,-5.455606460571289,-6.135109901428223,-4.8386712074279785,-7.69255256652832,-11.95114803314209
488,1.0753666162490845,-3.746656656265259,-5.979234218597412,-3.9645700454711914,-8.481902122497559,-0.5111216306686401,-13.539786338806152,-10.904133796691895,-0.13356885313987732,-2.2584714889526367,-1.8719429969787598,-11.711050033569336,-21.161989212036133,-15.324207305908203,-16.295425415039062,-15.106057167053223
489,-1.8490417003631592,3.1914210319519043,-2.334836959838867,-1.5679465532302856,-9.530801773071289,4.920006275177002,-9.84526538848877,-9.30508804321289,2.6187005043029785,-1.4368419647216797,0.4715912342071533,-3.0869975090026855,-20.04678726196289,-15.354249000549316,-15.835448265075684,-11.870535850524902
490,-12.454535484313965,-1.1327807903289795,-11.53345012664795,-9.238896369934082,-11.117071151733398,-3.1791162490844727,-6.5196943283081055,-9.778473854064941,-2.9533262252807617,-2.01230525970459,-2.9629969596862793,-0.6328351497650146,-12.085834503173828,-11.26527214050293,-12.650003433227539,-6.23423433303833
491,2.238755464553833,-1.972942590713501,-8.664664268493652,-4.7597784996032715,0.93007493019104,-4.275937080383301,-1.916954517364502,-4.410425662994385,-1.9334852695465088,-0.6460413932800293,-2.066995143890381,-5.11812162399292,-3.0292906761169434,-7.370934009552002,-8.115442276000977,1.1012167930603027
492,-8.647724151611328,-7.2349162101745605,-4.657525062561035,0.17429322004318237,-1.1982511281967163,-10.326990127563477,0.8738150596618652,-2.936664581298828,-13.983524322509766,-3.6100997924804688,-17.414005279541016,-11.787391662597656,0.7193206548690796,-0.7500399351119995,-1.2166391611099243,-6.433136463165283
493,-3.671252965927124,-3.5360755920410156,0.46844106912612915,3.643495798110962,1.263271689414978,-3.796013355255127,1.9595566987991333,0.3812580108642578,-3.1372859477996826,-1.9868429899215698,-11.577600479125977,-6.0470733642578125,3.050745964050293,6.941164493560791,6.606871128082275,1.991567611694336
494,0.9425333738327026,-5.965869426727295,-1.7533838748931885,1.5925568342208862,10.372368812561035,-5.377447605133057,1.151720404624939,-1.1635032892227173,4.258845806121826,-3.4379372596740723,-4.8811750411987305,-5.205478668212891,-1.5216666460037231,2.3149125576019287,4.157375335693359,13.146920204162598
495,-9.160135269165039,-11.425442695617676,-2.274076461791992,1.022171139717102,7.914968967437744,-6.980613708496094,-1.987790584564209,-1.7799071073532104,2.175812005996704,-2.1130733489990234,-6.023509979248047,-8.241901397705078,-4.348586082458496,7.102793216705322,6.9638285636901855,11.053864479064941
496,-5.317814350128174,-4.860734939575195,-0.18033605813980103,-2.1541686058044434,0.3222230076789856,0.2338767945766449,-5.396751880645752,1.3291622400283813,5.701284885406494,-6.331657409667969,-3.4014742374420166,-8.263799667358398,-10.41592025756836,5.859127044677734,3.615642547607422,7.67894983291626
497,-2.0720534324645996,-8.142988204956055,-4.679079055786133,-7.832470893859863,-2.85262131690979,-5.45462703704834,-6.459989547729492,-3.5759902000427246,-4.375537872314453,-5.465916156768799,-6.606690406799316,-7.658829689025879,-10.059155464172363,2.1226449012756348,1.4148622751235962,-5.601052284240723
498,-1.146225094795227,-8.290393829345703,-8.304232597351074,-12.153804779052734,-5.6310577392578125,-9.252731323242188,-8.12278938293457,-8.806414604187012,-3.938854932785034,-5.777098178863525,-2.513859748840332,-8.437984466552734,-9.262177467346191,-1.9284851551055908,-1.739626169204712,-4.411606311798096
499,4.973568439483643,-1.2570428848266602,-4.1212992668151855,-9.55895709991455,-7.830577373504639,0.00010261530405841768,-5.491974830627441,-4.713510036468506,3.030768632888794,-3.9283454418182373,1.6638057231903076,-5.769401550292969,-4.616708278656006,-8.225377082824707,-8.003544807434082,0.06433621048927307
